10112	1	2.42	0.00
20112	2	4.63	0.00
30112	3	6.79	0.00
40112	4	9.00	0.00
50112	5	11.21	0.00
60112	6	13.42	0.00
70112	7	15.67	0.00
80168	8	17.88	1.47
90136	9	16.97	0.15
100140	10	21.72	0.16
110140	11	23.80	0.18
120180	12	22.89	1.67
130184	13	24.87	1.83
140144	14	26.51	0.55
150188	15	31.12	2.07
160184	16	30.02	3.75
170192	17	28.58	2.65
180192	18	32.70	2.77
190188	19	34.43	4.50
200188	20	31.97	4.94
210188	21	33.78	3.94
220188	22	37.63	5.64
230188	23	36.05	6.02
240188	24	37.04	6.57
250188	25	37.71	8.49
260188	26	35.50	7.49
270188	27	39.21	7.98
280188	28	39.89	9.97
290184	29	37.46	9.05
300184	30	40.94	9.46
310184	31	41.69	11.48
320184	32	39.12	12.06
330184	33	39.40	11.20
340184	34	42.62	13.13
350184	35	40.17	13.59
360180	36	40.61	14.20
370184	37	40.72	13.35
380184	38	40.20	15.16
390184	39	41.48	15.78
400184	40	41.51	16.41
410184	41	41.49	16.90
420180	42	41.70	17.38
430180	43	41.93	18.00
440184	44	40.88	18.49
450184	45	41.99	18.98
460180	46	42.09	19.46
470180	47	42.20	20.07
480180	48	42.00	20.56
490180	49	42.03	21.04
500180	50	42.07	21.50
510180	51	42.10	21.96
520180	52	42.11	22.42
530180	53	42.11	22.86
540180	54	42.11	23.30
550180	55	41.25	23.73
560180	56	42.09	24.15
570180	57	41.31	24.56
580180	58	41.24	24.96
590180	59	41.99	25.36
600180	60	41.96	25.74
610180	61	41.93	26.12
620180	62	41.89	26.49
630180	63	41.85	26.85
640180	64	41.80	27.21
650180	65	41.75	27.56
660180	66	41.69	27.90
670180	67	41.64	28.23
680184	68	41.58	28.56
690180	69	40.88	28.88
700180	70	41.44	29.19
710184	71	41.37	29.50
720184	72	41.30	29.80
730184	73	41.22	30.09
740184	74	41.14	30.38
750180	75	41.06	30.66
760180	76	40.98	30.94
770184	77	40.89	29.74
780184	78	43.82	32.80
790184	79	38.07	31.72
800188	80	40.65	31.98
810184	81	40.56	30.75
820180	82	43.48	32.32
830180	83	40.75	32.54
840180	84	40.69	32.76
850180	85	40.63	32.97
860180	86	40.57	33.17
870180	87	40.52	33.51
880180	88	40.17	33.58
890180	89	40.36	33.77
900176	90	39.95	33.95
910176	91	40.25	34.27
920176	92	39.91	34.46
930176	93	39.80	34.66
940176	94	39.70	34.85
950176	95	39.58	35.03
960176	96	39.09	35.22
970180	97	39.33	35.39
980180	98	39.23	34.10
990176	99	42.11	35.60
1000180	100	39.33	35.77
1010180	101	38.92	35.92
1020176	102	39.12	36.07
1030180	103	39.03	36.21
1040180	104	38.94	36.34
1050180	105	38.85	35.00
1060180	106	41.79	36.45
1070180	107	39.07	36.56
1080180	108	39.03	36.80
1090180	109	38.71	36.92
1100176	110	38.62	37.04
1110180	111	38.54	35.68
1120180	112	38.61	37.11
1130176	113	38.76	37.20
1140180	114	38.72	37.29
1150180	115	38.69	37.52
1160180	116	38.35	36.15
1170180	117	41.27	37.58
1180180	118	38.54	37.66
1190180	119	38.50	37.74
1200180	120	38.47	37.81
1210180	121	38.44	38.02
1220180	122	38.12	36.64
1230180	123	41.05	38.05
1240176	124	38.32	38.13
1250180	125	38.14	38.19
1260180	126	38.23	38.39
1270180	127	37.91	37.00
1280176	128	40.84	38.41
1290180	129	38.11	38.48
1300180	130	38.05	38.54
1310180	131	37.99	38.60
1320180	132	37.96	38.79
1330180	133	37.63	37.39
1340176	134	40.56	38.79
1350180	135	37.82	38.85
1360180	136	37.76	38.90
1370180	137	37.73	37.62
1380180	138	40.41	39.01
1390180	139	37.68	39.06
1400180	140	37.62	39.11
1410180	141	37.56	37.69
1420180	142	40.52	39.05
1430180	143	37.84	39.22
1440180	144	37.55	37.79
1450180	145	40.52	39.16
1460180	146	37.83	39.18
1470180	147	37.51	39.34
1480180	148	37.54	37.90
1490176	149	40.52	39.26
1500176	150	37.85	39.27
1510180	151	40.60	39.43
1520180	152	43.66	38.00
1530176	153	49.72	39.34
1540180	154	50.15	39.50
1550180	155	52.97	39.53
1560180	156	56.02	41.04
1570180	157	56.05	39.74
1580180	158	61.76	41.39
1590184	159	61.48	41.61
1600180	160	64.06	40.37
1610180	161	69.61	43.41
1620180	162	66.46	42.48
1630180	163	71.29	42.79
1640180	164	73.62	44.59
1650180	165	72.81	45.09
1660184	166	74.63	45.50
1670180	167	75.48	46.08
1680180	168	78.20	46.54
1690180	169	80.02	48.51
1700180	170	78.69	47.85
1710180	171	82.70	49.77
1720180	172	81.40	50.49
1730184	173	82.50	51.27
1740180	174	85.08	50.46
1750180	175	87.57	52.47
1760180	176	85.95	53.17
1770184	177	86.92	55.35
1780180	178	84.87	54.76
1790180	179	88.33	55.38
1800184	180	89.33	57.61
1810180	181	87.02	56.92
1820184	182	90.61	57.56
1830184	183	91.47	59.66
1840180	184	89.30	59.11
1850184	185	92.46	61.24
1860180	186	88.58	62.05
1870180	187	90.49	61.25
1880184	188	94.05	63.37
1890180	189	91.65	64.17
1900180	190	91.90	64.83
1910180	191	92.36	64.15
1920180	192	95.53	66.28
1930180	193	93.01	66.94
1940180	194	93.35	67.72
1950180	195	92.16	68.37
1960180	196	93.75	69.00
1970180	197	94.05	69.78
1980176	198	94.02	70.42
1990180	199	94.24	71.04
2000180	200	94.45	73.14
2010180	201	91.62	72.56
2020180	202	92.92	73.19
2030180	203	93.02	73.82
2040180	204	94.34	74.43
2050176	205	94.41	75.03
2060180	206	94.46	75.63
2070176	207	94.48	76.22
2080180	208	94.51	78.27
2090180	209	91.50	77.52
2100180	210	94.13	77.96
2110180	211	94.37	78.50
2120180	212	94.37	79.03
2130180	213	94.36	79.55
2140180	214	94.35	81.54
2150180	215	91.34	80.72
2160180	216	93.95	81.23
2170180	217	93.88	81.73
2180180	218	93.80	82.07
2190180	219	94.01	82.53
2200180	220	93.98	84.45
2210180	221	90.93	82.11
2220180	222	96.53	85.36
2230180	223	90.77	84.47
2240180	224	93.33	84.76
2250180	225	93.51	85.16
2260180	226	93.45	85.56
2270180	227	93.39	85.94
2280180	228	92.56	86.33
2290180	229	92.49	86.71
2300180	230	93.15	86.93
2310180	231	93.35	87.42
2320180	232	93.02	89.09
2330180	233	90.22	88.08
2340180	234	92.84	88.42
2350180	235	92.76	88.74
2360180	236	92.67	89.06
2370180	237	92.59	89.37
2380180	238	92.50	91.15
2390180	239	89.40	90.12
2400180	240	91.32	90.44
2410180	241	91.80	90.74
2420180	242	91.67	90.91
2430180	243	91.79	91.19
2440180	244	91.67	91.47
2450180	245	91.55	91.74
2460180	246	91.42	92.01
2470180	247	91.29	92.27
2480180	248	91.15	92.38
2490180	249	91.31	92.61
2500180	250	91.23	92.82
2510180	251	91.16	91.56
2520180	252	94.11	94.57
2530180	253	88.37	91.97
2540180	254	93.98	93.49
2550180	255	91.27	93.66
2560180	256	91.24	93.83
2570180	257	91.22	93.98
2580180	258	91.21	94.14
2590180	259	91.19	94.30
2600180	260	91.17	94.44
2610180	261	91.15	94.73
2620180	262	90.84	94.75
2630180	263	91.08	95.03
2640180	264	90.77	95.18
2650180	265	90.70	95.33
2660180	266	90.33	95.48
2670180	267	90.26	95.63
2680180	268	90.19	95.78
2690180	269	90.39	95.93
2700180	270	90.30	96.08
2710180	271	90.21	96.21
2720180	272	90.13	96.36
2730180	273	89.76	96.49
2740180	274	89.93	95.15
2750180	275	92.85	96.61
2760180	276	90.12	96.72
2770180	277	90.06	96.83
2780180	278	90.01	96.93
2790180	279	89.95	97.03
2800180	280	89.90	97.13
2810184	281	89.86	95.75
2820180	282	90.01	97.16
2830180	283	90.15	97.22
2840180	284	90.16	97.43
2850180	285	89.71	97.51
2860180	286	89.84	97.59
2870180	287	89.80	97.67
2880180	288	89.62	97.74
2890180	289	89.73	97.82
2900180	290	89.70	97.88
2910180	291	89.67	96.63
2920180	292	92.36	98.04
2930180	293	89.62	98.13
2940180	294	89.55	98.20
2950180	295	89.50	98.26
2960180	296	89.45	98.33
2970180	297	89.40	98.40
2980180	298	89.35	96.99
2990180	299	92.32	98.38
3000180	300	89.62	98.43
3010180	301	89.60	98.61
3020180	302	89.31	98.67
3030180	303	89.27	98.72
3040180	304	89.22	98.77
3050180	305	89.18	97.35
3060180	306	89.41	98.73
3070180	307	89.47	98.76
3080180	308	89.47	98.94
3090180	309	89.17	98.99
3100180	310	89.11	99.05
3110180	311	89.04	99.09
3120180	312	89.00	99.13
3130180	313	88.96	97.71
3140180	314	91.93	99.07
3150180	315	89.25	99.24
3160180	316	88.95	99.29
3170180	317	88.88	99.35
3180180	318	88.73	99.39
3190180	319	91.62	97.95
3200180	320	91.72	99.32
3210180	321	89.04	99.34
3220180	322	88.99	99.36
3230180	323	89.02	99.52
3240180	324	88.71	99.57
3250180	325	88.64	98.13
3260180	326	91.61	99.49
3270180	327	88.93	99.50
3280180	328	88.92	99.51
3290180	329	88.93	98.20
3300180	330	91.64	99.56
3310180	331	88.95	99.58
3320180	332	88.93	99.60
3330180	333	88.90	99.61
3340180	334	88.91	99.61
3350180	335	88.92	98.29
3360180	336	91.65	99.64
3370180	337	88.94	99.65
3380180	338	88.96	99.67
3390180	339	88.95	99.81
3400180	340	88.66	99.84
3410180	341	88.62	98.40
3420180	342	91.59	99.75
3430180	343	88.90	99.76
3440180	344	88.88	99.77
3450180	345	88.57	99.92
3460180	346	88.57	99.95
3470180	347	88.52	99.98
3480180	348	88.46	98.54
3490180	349	91.41	99.89
3500180	350	88.73	99.89
3510180	351	88.73	100.04
3520180	352	88.42	100.07
3530180	353	88.36	100.10
3540180	354	88.30	100.13
3550180	355	88.23	98.68
3560180	356	88.50	100.03
3570180	357	88.50	100.03
3580180	358	88.49	100.18
3590180	359	88.19	98.74
3600180	360	91.13	100.09
3610180	361	88.42	100.10
3620180	362	88.40	100.10
3630180	363	88.39	100.10
3640180	364	88.39	100.10
3650180	365	88.39	98.77
3660180	366	91.10	100.12
3670180	367	88.41	100.12
3680180	368	88.39	100.12
3690180	369	88.12	100.26
3700180	370	88.10	98.80
3710180	371	91.07	100.14
3720180	372	88.38	100.15
3730180	373	88.37	100.15
3740180	374	88.35	100.16
3750180	375	88.33	100.30
3760180	376	88.04	98.84
3770180	377	91.00	100.19
3780180	378	88.31	100.19
3790180	379	88.29	100.19
3800180	380	88.29	100.32
3810180	381	88.00	100.34
3820180	382	87.95	100.36
3830180	383	87.89	98.91
3840180	384	90.84	100.26
3850180	385	88.14	100.26
3860180	386	88.13	100.40
3870180	387	87.83	100.42
3880180	388	87.77	98.97
3890180	389	90.72	100.32
3900180	390	88.01	100.32
3910180	391	90.94	98.84
3920180	392	90.99	100.16
3930180	393	88.35	100.29
3940180	394	88.09	100.29
3950180	395	88.07	100.29
3960180	396	88.04	98.81
3970180	397	91.06	100.12
3980180	398	88.44	100.24
3990180	399	88.20	100.23
