0	0	0
0	0	0
1	0	0
1	0	0
1	0	0
2	0	0
2	0	0
2	0	0
3	0	0
3	0	0
3	0	0
4	0	0
4	0	0
5	0	0
5	0	0
6	0	0
7	0	0
7	0	0
8	0	0
8	0	0
9	0	0
10	0	0
10	0	0
11	0	0
11	0	0
12	0	0
13	0	0
13	0	0
14	0	0
15	0	0
15	0	0
16	0	0
17	0	0
17	0	0
18	0	0
19	0	0
19	0	0
20	0	0
21	0	0
21	0	0
22	0	0
23	0	0
23	0	0
24	0	0
25	0	0
25	0	0
26	0	0
27	0	0
27	0	0
28	0	0
29	0	0
29	0	0
30	0	0
31	0	0
31	0	0
32	0	0
33	0	0
33	0	0
34	0	0
35	0	0
35	0	0
36	0	0
37	0	0
37	0	0
38	0	0
39	0	0
39	0	0
40	0	0
41	0	0
41	0	0
43	0	0
44	0	0
44	0	0
45	0	0
46	0	0
46	0	0
47	0	0
48	0	0
48	0	0
49	0	0
50	0	0
50	0	0
51	0	0
52	0	0
52	0	0
53	0	0
54	0	0
54	0	0
55	0	0
56	0	0
56	0	0
57	0	0
58	0	0
58	0	0
59	0	0
60	0	0
60	0	0
61	0	0
62	0	0
62	0	0
63	0	0
64	0	0
64	0	0
65	0	0
66	0	0
66	0	0
67	0	0
68	0	0
68	0	0
69	0	0
70	0	0
70	0	0
71	0	0
72	0	0
72	0	0
73	0	0
74	0	0
74	0	0
75	0	0
76	0	0
76	0	0
77	0	0
78	0	0
78	0	0
79	0	0
80	0	0
80	0	0
81	0	0
82	0	0
82	0	0
83	0	0
84	0	0
84	0	0
86	0	0
87	0	0
87	0	0
88	0	0
89	0	0
89	0	0
90	0	0
91	0	0
91	0	0
92	0	0
93	0	0
93	0	0
94	0	0
95	0	0
95	0	0
96	0	0
97	0	0
97	0	0
98	0	0
98	0	0
99	0	0
100	0	0
101	0	0
101	0	0
102	0	0
103	0	0
104	0	0
104	0	0
105	0	0
106	0	0
107	0	0
107	0	0
108	0	0
109	0	0
110	0	0
110	0	0
111	0	0
112	0	0
113	0	0
113	0	0
114	0	0
115	0	0
116	0	0
116	0	0
117	0	0
118	0	0
119	0	0
119	0	0
120	0	0
121	0	0
121	0	0
122	0	0
123	0	0
124	0	0
124	0	0
125	0	0
126	0	0
128	0	0
128	0	0
129	0	0
130	0	0
131	0	0
131	0	0
132	0	0
133	0	0
134	0	0
134	0	0
135	0	0
136	0	0
137	0	0
137	0	0
138	0	0
139	0	0
140	0	0
140	0	0
141	0	0
142	0	0
143	0	0
143	0	0
144	0	0
145	0	0
146	0	0
146	0	0
147	0	0
148	0	0
149	0	0
149	0	0
150	0	0
151	0	0
152	0	0
152	0	0
153	0	0
154	0	0
155	0	0
155	0	0
156	0	0
157	0	0
158	0	0
158	0	0
159	0	0
160	0	0
161	0	0
161	0	0
162	0	0
163	0	0
164	0	0
164	0	0
165	0	0
166	0	0
167	0	0
167	0	0
168	0	0
169	0	0
171	0	0
171	0	0
172	0	0
173	0	0
174	0	0
174	0	0
175	0	0
176	0	0
177	0	0
177	0	0
178	0	0
179	0	0
180	0	0
180	0	0
181	0	0
182	0	0
183	0	0
183	0	0
184	0	0
185	0	0
185	0	0
186	0	0
187	0	0
188	0	0
188	0	0
189	0	0
190	0	0
191	0	0
191	0	0
192	0	0
193	0	0
194	0	0
194	0	0
195	0	0
196	0	0
197	0	0
197	0	0
198	0	0
199	0	0
200	0	0
200	0	0
201	0	0
202	0	0
203	0	0
203	0	0
204	0	0
205	0	0
206	0	0
206	0	0
207	0	0
208	0	0
209	0	0
209	0	0
210	0	0
211	0	0
212	0	0
212	0	0
214	0	0
215	0	0
216	0	0
216	0	0
217	0	0
218	0	0
219	0	0
219	0	0
220	0	0
221	0	0
222	0	0
222	0	0
223	0	0
224	0	0
225	0	0
225	0	0
226	0	0
227	0	0
228	0	0
228	0	0
229	0	0
230	0	0
231	0	0
231	0	0
232	0	0
233	0	0
234	0	0
234	0	0
235	0	0
236	0	0
237	0	0
237	0	0
238	0	0
239	0	0
240	0	0
240	0	0
241	0	0
242	0	0
243	0	0
243	0	0
244	0	0
245	0	0
246	0	0
246	0	0
247	0	0
248	0	0
249	0	0
249	0	0
250	0	0
251	0	0
251	0	0
252	0	0
253	0	0
254	0	0
254	0	0
256	0	0
257	0	0
258	0	0
258	0	0
259	0	0
260	0	0
261	0	0
261	0	0
262	0	0
263	0	0
264	0	0
264	0	0
265	0	0
266	0	0
267	0	0
267	0	0
268	0	0
269	0	0
270	0	0
270	0	0
271	0	0
272	0	0
273	0	0
273	0	0
274	0	0
275	0	0
276	0	0
276	0	0
277	0	0
278	0	0
279	0	0
279	0	0
280	0	0
281	0	0
282	0	0
282	0	0
283	0	0
284	0	0
285	0	0
285	0	0
286	0	0
287	0	0
288	0	0
288	0	0
289	0	0
290	0	0
291	0	0
291	0	0
292	0	0
293	0	0
294	0	0
294	0	0
295	0	0
296	0	0
297	0	0
297	0	0
299	0	0
300	0	0
301	0	0
301	0	0
302	0	0
303	0	0
304	0	0
304	0	0
305	0	0
306	0	0
307	0	0
307	0	0
308	0	0
309	0	0
310	0	0
310	0	0
311	0	0
312	0	0
313	0	0
313	0	0
314	0	0
315	0	0
315	0	0
316	0	0
317	0	0
318	0	0
318	0	0
319	0	0
320	0	0
321	0	0
321	0	0
322	0	0
323	0	0
324	0	0
324	0	0
325	0	0
326	0	0
327	0	0
327	0	0
328	0	0
329	0	0
330	0	0
330	0	0
331	0	0
332	0	0
333	0	0
333	0	0
334	0	0
335	0	0
336	0	0
336	0	0
337	0	0
338	0	0
339	0	0
339	0	0
340	0	0
342	0	0
343	0	0
343	0	0
344	0	0
345	0	0
346	0	0
346	0	0
347	0	0
348	0	0
349	0	0
349	0	0
350	0	0
351	0	0
352	0	0
352	0	0
353	0	0
354	0	0
355	0	0
355	0	0
356	0	0
357	0	0
358	0	0
358	0	0
359	0	0
360	0	0
361	0	0
361	0	0
362	0	0
363	0	0
364	0	0
364	0	0
365	0	0
366	0	0
367	0	0
367	0	0
368	0	0
369	0	0
370	0	0
370	0	0
371	0	0
372	0	0
373	0	0
373	0	0
374	0	0
375	0	0
376	0	0
376	0	0
377	0	0
378	0	0
379	0	0
379	0	0
380	0	0
381	0	0
381	0	0
382	0	0
384	0	0
385	0	0
385	0	0
386	0	0
387	0	0
388	0	0
388	0	0
389	0	0
390	0	0
391	0	0
391	0	0
392	0	0
393	0	0
394	0	0
394	0	0
395	0	0
396	0	0
397	0	0
397	0	0
398	0	0
399	0	0
400	0	0
400	0	0
401	0	0
402	0	0
403	0	0
403	0	0
404	0	0
405	0	0
406	0	0
406	0	0
407	0	0
408	0	0
409	0	0
409	0	0
410	0	0
411	0	0
412	0	0
412	0	0
413	0	0
414	0	0
415	0	0
415	0	0
416	0	0
417	0	0
418	0	0
418	0	0
419	0	0
420	0	0
421	0	0
421	0	0
422	0	0
423	0	0
424	0	0
424	0	0
425	0	0
427	0	0
428	0	0
428	0	0
429	0	0
430	0	0
431	0	0
431	0	0
432	0	0
433	0	0
434	0	0
434	0	0
435	0	0
436	0	0
437	0	0
437	0	0
438	0	0
439	0	0
440	0	0
440	0	0
441	0	0
442	0	0
443	0	0
443	0	0
444	0	0
445	0	0
446	0	0
446	0	0
447	0	0
448	0	0
448	0	0
449	0	0
450	0	0
451	0	0
451	0	0
452	0	0
453	0	0
454	0	0
454	0	0
455	0	0
456	0	0
457	0	0
457	0	0
458	0	0
459	0	0
460	0	0
460	0	0
461	0	0
462	0	0
463	0	0
463	0	0
464	0	0
465	0	0
466	0	0
466	0	0
467	0	0
468	0	0
470	0	0
470	0	0
471	0	0
472	0	0
473	0	0
473	0	0
474	0	0
475	0	0
476	0	0
476	0	0
477	0	0
478	0	0
479	0	0
479	0	0
480	0	0
481	0	0
482	0	0
482	0	0
483	0	0
484	0	0
485	0	0
485	0	0
486	0	0
487	0	0
488	0	0
488	0	0
489	0	0
490	0	0
491	0	0
491	0	0
492	0	0
493	0	0
494	0	0
494	0	0
495	0	0
496	0	0
497	0	0
497	0	0
498	0	0
499	0	0
500	0	0
500	0	0
501	0	0
502	0	0
503	0	0
503	0	0
504	0	0
505	0	0
506	0	0
506	0	0
507	0	0
508	0	0
509	0	0
509	0	0
510	0	0
512	0	0
512	0	0
513	0	0
514	0	0
515	0	0
515	0	0
516	0	0
517	0	0
518	0	0
518	0	0
519	0	0
520	0	0
521	0	0
521	0	0
522	0	0
523	0	0
524	0	0
524	0	0
525	0	0
526	0	0
527	0	0
527	0	0
528	0	0
529	0	0
530	0	0
530	0	0
531	0	0
532	0	0
533	0	0
533	0	0
534	0	0
535	0	0
536	0	0
536	0	0
537	0	0
538	0	0
539	0	0
539	0	0
540	0	0
541	0	0
542	0	0
542	0	0
543	0	0
544	0	0
545	0	0
545	0	0
546	0	0
547	0	0
548	0	0
548	0	0
549	0	0
550	0	0
551	0	0
551	0	0
552	0	0
553	0	0
555	0	0
555	0	0
556	0	0
557	0	0
558	0	0
558	0	0
559	0	0
560	0	0
561	0	0
561	0	0
562	0	0
563	0	0
564	0	0
564	0	0
565	0	0
566	0	0
567	0	0
567	0	0
568	0	0
569	0	0
570	0	0
570	0	0
571	0	0
572	0	0
573	0	0
573	0	0
574	0	0
575	0	0
576	0	0
576	0	0
577	0	0
578	0	0
578	0	0
579	0	0
580	0	0
581	0	0
581	0	0
582	0	0
583	0	0
584	0	0
584	0	0
585	0	0
586	0	0
587	0	0
587	0	0
588	0	0
589	0	0
590	0	0
590	0	0
591	0	0
592	0	0
593	0	0
593	0	0
594	0	0
595	0	0
596	0	0
596	0	0
598	0	0
599	0	0
600	0	0
600	0	0
601	0	0

602	0	0
603	0	0
603	0	0
604	0	0
605	0	0
606	0	0
606	0	0
607	0	0
608	0	0
609	0	0
609	0	0
610	0	0
611	0	0
612	0	0
612	0	0
613	0	0
614	0	0
615	0	0
615	0	0
616	0	0
617	0	0
618	0	0
618	0	0
619	0	0
620	0	0
621	0	0
621	0	0
622	0	0
623	0	0
624	0	0
624	0	0
625	0	0
626	0	0
627	0	0
627	0	0
628	0	0
629	0	0
630	0	0
630	0	0
631	0	0
632	0	0
633	0	0
633	0	0
634	0	0
635	0	0
636	0	0
636	0	0
637	0	0
638	0	0
640	0	0
640	0	0
641	0	0
642	0	0
642	0	0
643	0	0
644	0	0
645	0	0
645	0	0
646	0	0
647	0	0
648	0	0
648	0	0
649	0	0
650	0	0
651	0	0
651	0	0
652	0	0
653	0	0
654	0	0
654	0	0
655	0	0
656	0	0
657	0	0
657	0	0
658	0	0
659	0	0
660	0	0
660	0	0
661	0	0
662	0	0
663	0	0
663	0	0
664	0	0
665	0	0
666	0	0
666	0	0
667	0	0
668	0	0
669	0	0
669	0	0
670	0	0
671	0	0
672	0	0
672	0	0
673	0	0
674	0	0
675	0	0
675	0	0
676	0	0
677	0	0
678	0	0
678	0	0
679	0	0
680	0	0
681	0	0
681	0	0
683	0	0
684	0	0
685	0	0
685	0	0
686	0	0
687	0	0
688	0	0
688	0	0
689	0	0
690	0	0
691	0	0
691	0	0
692	0	0
693	0	0
694	0	0
694	0	0
695	0	0
696	0	0
697	0	0
697	0	0
698	0	0
699	0	0
700	0	0
700	0	0
701	0	0
702	0	0
703	0	0
703	0	0
704	0	0
705	0	0
706	0	0
706	0	0
707	0	0
708	0	0
708	0	0
709	0	0
710	0	0
711	0	0
711	0	0
712	0	0
713	0	0
714	0	0
714	0	0
715	0	0
716	0	0
717	0	0
717	0	0
718	0	0
719	0	0
720	0	0
720	0	0
721	0	0
722	0	0
723	0	0
723	0	0
724	0	0
726	0	0
727	0	0
727	0	0
728	0	0
729	0	0
730	0	0
730	0	0
731	0	0
732	0	0
733	0	0
733	0	0
734	0	0
735	0	0
736	0	0
736	0	0
737	0	0
738	0	0
739	0	0
739	0	0
740	0	0
741	0	0
742	0	0
742	0	0
743	0	0
744	0	0
745	0	0
745	0	0
746	0	0
747	0	0
748	0	0
748	0	0
749	0	0
750	0	0
751	0	0
751	0	0
752	0	0
753	0	0
754	0	0
754	0	0
755	0	0
756	0	0
757	0	0
757	0	0
758	0	0
759	0	0
760	0	0
760	0	0
761	0	0
762	0	0
763	0	0
763	0	0
764	0	0
765	0	0
766	0	0
766	0	0
768	0	0
769	0	0
770	0	0
770	0	0
771	0	0
772	0	0
772	0	0
773	0	0
774	0	0
775	0	0
775	0	0
776	0	0
777	0	0
778	0	0
778	0	0
779	0	0
780	0	0
781	0	0
781	0	0
782	0	0
783	0	0
784	0	0
784	0	0
785	0	0
786	0	0
787	0	0
787	0	0
788	0	0
789	0	0
790	0	0
790	0	0
791	0	0
792	0	0
793	0	0
793	0	0
794	0	0
795	0	0
796	0	0
796	0	0
797	0	0
798	0	0
799	0	0
799	0	0
800	0	0
801	0	0
802	0	0
802	0	0
803	0	0
804	0	0
805	0	0
805	0	0
806	0	0
807	0	0
808	0	0
808	0	0
809	0	0
811	0	0
812	0	0
812	0	0
813	0	0
814	0	0
815	0	0
815	0	0
816	0	0
817	0	0
818	0	0
818	0	0
819	0	0
820	0	0
821	0	0
821	0	0
822	0	0
823	0	0
824	0	0
824	0	0
825	0	0
826	0	0
827	0	0
827	0	0
828	0	0
829	0	0
830	0	0
830	0	0
831	0	0
832	0	0
833	0	0
833	0	0
834	0	0
835	0	0
836	0	0
836	0	0
837	0	0
838	0	0
838	0	0
839	0	0
840	0	0
841	0	0
841	0	0
842	0	0
843	0	0
844	0	0
844	0	0
845	0	0
846	0	0
847	0	0
847	0	0
848	0	0
849	0	0
850	0	0
850	0	0
851	0	0
852	0	0
854	0	0
854	0	0
855	0	0
856	0	0
857	0	0
857	0	0
858	0	0
859	0	0
860	0	0
860	0	0
861	0	0
862	0	0
863	0	0
863	0	0
864	0	0
865	0	0
866	0	0
866	0	0
867	0	0
868	0	0
869	0	0
869	0	0
870	0	0
871	0	0
872	0	0
872	0	0
873	0	0
874	0	0
875	0	0
875	0	0
876	0	0
877	0	0
878	0	0
878	0	0
879	0	0
880	0	0
881	0	0
881	0	0
882	0	0
883	0	0
884	0	0
884	0	0
885	0	0
886	0	0
887	0	0
887	0	0
888	0	0
889	0	0
890	0	0
890	0	0
891	0	0
892	0	0
893	0	0
893	0	0
894	0	0
896	0	0
897	0	0
897	0	0
898	0	0
899	0	0
900	0	0
900	0	0
901	0	0
902	0	0
903	0	0
903	0	0
904	0	0
905	0	0
905	0	0
906	0	0
907	0	0
908	0	0
908	0	0
909	0	0
910	0	0
911	0	0
911	0	0
912	0	0
913	0	0
914	0	0
914	0	0
915	0	0
916	0	0
917	0	0
917	0	0
918	0	0
919	0	0
920	0	0
920	0	0
921	0	0
922	0	0
923	0	0
923	0	0
924	0	0
925	0	0
926	0	0
926	0	0
927	0	0
928	0	0
929	0	0
929	0	0
930	0	0
931	0	0
932	0	0
932	0	0
933	0	0
934	0	0
935	0	0
935	0	0
936	0	0
937	0	0
939	0	0
939	0	0
940	0	0
941	0	0
942	0	0
942	0	0
943	0	0
944	0	0
945	0	0
945	0	0
946	0	0
947	0	0
948	0	0
948	0	0
949	0	0
950	0	0
951	0	0
951	0	0
952	0	0
953	0	0
954	0	0
954	0	0
955	0	0
956	0	0
957	0	0
957	0	0
958	0	0
959	0	0
960	0	0
960	0	0
961	0	0
962	0	0
963	0	0
963	0	0
964	0	0
965	0	0
966	0	0
966	0	0
967	0	0
968	0	0
968	0	0
969	0	0
970	0	0
971	0	0
971	0	0
972	0	0
973	0	0
974	0	0
974	0	0
975	0	0
976	0	0
977	0	0
977	0	0
978	0	0
979	0	0
980	0	0
980	0	0
982	0	0
983	0	0
984	0	0
984	0	0
985	0	0
986	0	0
987	0	0
987	0	0
988	0	0
989	0	0
990	0	0
990	0	0
991	0	0
992	0	0
993	0	0
993	0	0
994	0	0
995	0	0
996	0	0
996	0	0
997	0	0
998	0	0
999	0	0
999	0	0
1000	0	0
1001	0	0
1002	0	0
1003	0	0
1003	0	0
1004	0	0
1005	0	0
1006	0	0
1007	0	0
1008	0	0
1008	0	0
1009	0	0
1010	0	0
1011	0	0
1012	0	0
1013	0	0
1013	0	0
1014	0	0
1015	0	0
1016	0	0
1017	0	0
1018	0	0
1018	0	0
1019	0	0
1020	0	0
1021	0	0
1022	0	0
1024	0	0
1024	0	0
1025	0	0
1026	0	0
1027	0	0
1028	0	0
1029	0	0
1029	0	0
1030	0	0
1031	0	0
1032	0	0
1033	0	0
1033	0	0
1034	0	0
1035	0	0
1036	0	0
1037	0	0
1038	0	0
1038	0	0
1039	0	0
1040	0	0
1041	0	0
1042	0	0
1043	0	0
1043	0	0
1044	0	0
1045	0	0
1046	0	0
1047	0	0
1048	0	0
1048	0	0
1049	0	0
1050	0	0
1051	0	0
1052	0	0
1053	0	0
1053	0	0
1054	0	0
1055	0	0
1056	0	0
1057	0	0
1058	0	0
1058	0	0
1059	0	0
1060	0	0
1061	0	0
1062	0	0
1063	0	0
1063	0	0
1064	0	0
1065	0	0
1067	0	0
1068	0	0
1069	0	0
1069	0	0
1070	0	0
1071	0	0
1072	0	0
1073	0	0
1074	0	0
1074	0	0
1075	0	0
1076	0	0
1077	0	0
1078	0	0
1078	0	0
1079	0	0
1080	0	0
1081	0	0
1082	0	0
1083	0	0
1083	0	0
1084	0	0
1085	0	0
1086	0	0
1087	0	0
1088	0	0
1088	0	0
1089	0	0
1090	0	0
1091	0	0
1092	0	0
1093	0	0
1093	0	0
1094	0	0
1095	0	0
1096	0	0
1097	0	0
1098	0	0
1098	0	0
1099	0	0
1100	0	0
1101	0	0
1102	0	0
1103	0	0
1103	0	0
1104	0	0
1105	0	0
1106	0	0
1107	0	0
1108	0	0
1108	0	0
1110	0	0
1111	0	0
1112	0	0
1113	0	0
1114	0	0
1114	0	0
1115	0	0
1116	0	0
1117	0	0
1118	0	0
1119	0	0
1119	0	0
1120	0	0
1121	0	0
1122	0	0
1123	0	0
1123	0	0
1124	0	0
1125	0	0
1126	0	0
1127	0	0
1128	0	0
1128	0	0
1129	0	0
1130	0	0
1131	0	0
1132	0	0
1133	0	0
1133	0	0
1134	0	0
1135	0	0
1136	0	0
1137	0	0
1138	0	0
1138	0	0
1139	0	0
1140	0	0
1141	0	0
1142	0	0
1143	0	0
1143	0	0
1144	0	0
1145	0	0
1146	0	0
1147	0	0
1148	0	0
1148	0	0
1149	0	0
1150	0	0
1152	0	0
1153	0	0
1154	0	0
1154	0	0
1155	0	0
1156	0	0
1157	0	0
1158	0	0
1159	0	0
1159	0	0
1160	0	0
1161	0	0
1162	0	0
1163	0	0
1164	0	0
1164	0	0
1165	0	0
1166	0	0
1167	0	0
1168	0	0
1168	0	0
1169	0	0
1170	0	0
1171	0	0
1172	0	0
1173	0	0
1173	0	0
1174	0	0
1175	0	0
1176	0	0
1177	0	0
1178	0	0
1178	0	0
1179	0	0
1180	0	0
1181	0	0
1182	0	0
1183	0	0
1183	0	0
1184	0	0
1185	0	0
1186	0	0
1187	0	0
1188	0	0
1188	0	0
1189	0	0
1190	0	0
1191	0	0
1192	0	0
1193	0	0
1193	0	0
1195	0	0
1196	0	0
1197	0	0
1198	0	0
1199	0	0
1199	0	0
1200	0	0
1201	0	0
1202	0	0
1203	0	0
1204	0	0
1204	0	0
1205	0	0
1206	0	0
1207	0	0
1208	0	0
1208	0	0
1209	0	0
1210	0	0
1211	0	0
1212	0	0
1213	0	0
1213	0	0
1214	0	0
1215	0	0
1216	0	0
1217	0	0
1218	0	0
1218	0	0
1219	0	0
1220	0	0
1221	0	0
1222	0	0
1223	0	0
1223	0	0
1224	0	0
1225	0	0
1226	0	0
1227	0	0
1228	0	0
1228	0	0
1229	0	0
1230	0	0
1231	0	0
1232	0	0
1233	0	0
1233	0	0
1234	0	0
1235	0	0
1236	0	0
1238	0	0
1239	0	0
1239	0	0
1240	0	0
1241	0	0
1242	0	0
1243	0	0
1244	0	0
1244	0	0
1245	0	0
1246	0	0
1247	0	0
1248	0	0
1249	0	0
1249	0	0
1250	0	0
1251	0	0
1252	0	0
1253	0	0
1253	0	0
1254	0	0
1255	0	0
1256	0	0
1257	0	0
1258	0	0
1258	0	0
1259	0	0
1260	0	0
1261	0	0
1262	0	0
1263	0	0
1263	0	0
1264	0	0
1265	0	0
1266	0	0
1267	0	0
1268	0	0
1268	0	0
1269	0	0
1270	0	0
1271	0	0
1272	0	0
1273	0	0
1273	0	0
1274	0	0
1275	0	0
1276	0	0
1277	0	0
1278	0	0
1278	0	0
1280	0	0
1281	0	0
1282	0	0
1283	0	0
1284	0	0
1284	0	0
1285	0	0
1286	0	0
1287	0	0
1288	0	0
1289	0	0
1289	0	0
1290	0	0
1291	0	0
1292	0	0
1293	0	0
1294	0	0
1294	0	0
1295	0	0
1296	0	0
1297	0	0
1298	0	0
1298	0	0
1299	0	0
1300	0	0
1301	0	0
1302	0	0
1303	0	0
1303	0	0
1304	0	0
1305	0	0
1306	0	0
1307	0	0
1308	0	0
1308	0	0
1309	0	0
1310	0	0
1311	0	0
1312	0	0
1313	0	0
1313	0	0
1314	0	0
1315	0	0
1316	0	0
1317	0	0
1318	0	0
1318	0	0
1319	0	0
1320	0	0
1321	0	0
1323	0	0
1324	0	0
1324	0	0
1325	0	0
1326	0	0
1327	0	0
1328	0	0
1329	0	0
1329	0	0
1330	0	0
1331	0	0
1332	0	0
1333	0	0
1334	0	0
1334	0	0
1335	0	0
1336	0	0
1337	0	0
1338	0	0
1338	0	0
1339	0	0
1340	0	0
1341	0	0
1342	0	0
1343	0	0
1343	0	0
1344	0	0
1345	0	0
1346	0	0
1347	0	0
1348	0	0
1348	0	0
1349	0	0
1350	0	0
1351	0	0
1352	0	0
1353	0	0
1353	0	0
1354	0	0
1355	0	0
1356	0	0
1357	0	0
1358	0	0
1358	0	0
1359	0	0
1360	0	0
1361	0	0
1362	0	0
1363	0	0
1363	0	0
1364	0	0
1366	0	0
1367	0	0
1368	0	0
1369	0	0
1369	0	0
1370	0	0
1371	0	0
1372	0	0
1373	0	0
1374	0	0
1374	0	0
1375	0	0
1376	0	0
1377	0	0
1378	0	0
1379	0	0
1379	0	0
1380	0	0
1381	0	0
1382	0	0
1383	0	0
1383	0	0
1384	0	0
1385	0	0
1386	0	0
1387	0	0
1388	0	0
1388	0	0
1389	0	0
1390	0	0
1391	0	0
1392	0	0
1393	0	0
1393	0	0
1394	0	0
1395	0	0
1396	0	0
1397	0	0
1398	0	0
1398	0	0
1399	0	0
1400	0	0
1401	0	0
1402	0	0
1403	0	0
1403	0	0
1404	0	0
1405	0	0
1406	0	0
1408	0	0
1409	0	0
1409	0	0
1410	0	0
1411	0	0
1412	0	0
1413	0	0
1414	0	0
1414	0	0
1415	0	0
1416	0	0
1417	0	0
1418	0	0
1419	0	0
1419	0	0
1420	0	0
1421	0	0
1422	0	0
1423	0	0
1424	0	0
1424	0	0
1425	0	0
1426	0	0
1427	0	0
1428	0	0
1428	0	0
1429	0	0
1430	0	0
1431	0	0
1432	0	0
1433	0	0
1433	0	0
1434	0	0
1435	0	0
1436	0	0
1437	0	0
1438	0	0
1438	0	0
1439	0	0
1440	0	0
1441	0	0
1442	0	0
1443	0	0
1443	0	0
1444	0	0
1445	0	0
1446	0	0
1447	0	0
1448	0	0
1448	0	0
1449	0	0
1451	0	0
1452	0	0
1453	0	0
1454	0	0
1454	0	0
1455	0	0
1456	0	0
1457	0	0
1458	0	0
1459	0	0
1459	0	0
1460	0	0
1461	0	0
1462	0	0
1463	0	0
1464	0	0
1464	0	0
1465	0	0
1466	0	0
1467	0	0
1468	0	0
1468	0	0
1469	0	0
1470	0	0
1471	0	0
1472	0	0
1473	0	0
1473	0	0
1474	0	0
1475	0	0
1476	0	0
1477	0	0
1478	0	0
1478	0	0
1479	0	0
1480	0	0
1481	0	0
1482	0	0
1483	0	0
1483	0	0
1484	0	0
1485	0	0
1486	0	0
1487	0	0
1488	0	0
1488	0	0
1489	0	0
1490	0	0
1491	0	0
1492	0	0
1494	0	0
1494	0	0
1495	0	0
1496	0	0
1497	0	0
1498	0	0
1499	0	0
1499	0	0
1500	0	0
1501	0	0
1502	0	0
1503	0	0
1504	0	0
1504	0	0
1505	0	0
1506	0	0
1507	0	0
1508	0	0
1509	0	0
1509	0	0
1510	0	0
1511	0	0
1512	0	0
1513	0	0
1513	0	0
1514	0	0
1515	0	0
1516	0	0
1517	0	0
1518	0	0
1518	0	0
1519	0	0
1520	0	0
1521	0	0
1522	0	0
1523	0	0
1523	0	0
1524	0	0
1525	0	0
1526	0	0
1527	0	0
1528	0	0
1528	0	0
1529	0	0
1530	0	0
1531	0	0
1532	0	0
1533	0	0
1533	0	0
1534	0	0
1536	0	0
1537	0	0
1538	0	0
1539	0	0
1539	0	0
1540	0	0
1541	0	0
1542	0	0
1543	0	0
1544	0	0
1544	0	0
1545	0	0
1546	0	0
1547	0	0
1548	0	0
1549	0	0
1549	0	0
1550	0	0
1551	0	0
1552	0	0
1553	0	0
1554	0	0
1554	0	0
1555	0	0
1556	0	0
1557	0	0
1558	0	0
1558	0	0
1559	0	0
1560	0	0
1561	0	0
1562	0	0
1563	0	0
1563	0	0
1564	0	0
1565	0	0
1566	0	0
1567	0	0
1568	0	0
1568	0	0
1569	0	0
1570	0	0
1571	0	0
1572	0	0
1573	0	0
1573	0	0
1574	0	0
1575	0	0
1576	0	0
1577	0	0
1579	0	0
1579	0	0
1580	0	0
1581	0	0
1582	0	0
1583	0	0
1584	0	0
1584	0	0
1585	0	0
1586	0	0
1587	0	0
1588	0	0
1589	0	0
1589	0	0
1590	0	0
1591	0	0
1592	0	0
1593	0	0
1594	0	0
1594	0	0
1595	0	0
1596	0	0
1597	0	0
1598	0	0
1599	0	0
1599	0	0
1600	0	0
1601	0	0
1602	0	0
1603	0	0
1603	0	0
1604	0	0
1605	0	0
1606	0	0
1607	0	0
1608	0	0
1608	0	0
1609	0	0
1610	0	0
1611	0	0
1612	0	0
1613	0	0
1613	0	0
1614	0	0
1615	0	0
1616	0	0
1617	0	0
1618	0	0
1618	0	0
1619	0	0
1620	0	0
1622	0	0
1623	0	0
1624	0	0
1624	0	0
1625	0	0
1626	0	0
1627	0	0
1628	0	0
1629	0	0
1629	0	0
1630	0	0
1631	0	0
1632	0	0
1633	0	0
1634	0	0
1634	0	0
1635	0	0
1636	0	0
1637	0	0
1638	0	0
1639	0	0
1639	0	0
1640	0	0
1641	0	0
1642	0	0
1643	0	0
1643	0	0
1644	0	0
1645	0	0
1646	0	0
1647	0	0
1648	0	0
1648	0	0
1649	0	0
1650	0	0
1651	0	0
1652	0	0
1653	0	0
1653	0	0
1654	0	0
1655	0	0
1656	0	0
1657	0	0
1658	0	0
1658	0	0
1659	0	0
1660	0	0
1661	0	0
1662	0	0
1664	0	0
1664	0	0
1665	0	0
1666	0	0
1667	0	0
1668	0	0
1669	0	0
1669	0	0
1670	0	0
1671	0	0
1672	0	0
1673	0	0
1674	0	0
1674	0	0
1675	0	0
1676	0	0
1677	0	0
1678	0	0
1679	0	0
1679	0	0
1680	0	0
1681	0	0
1682	0	0
1683	0	0
1684	0	0
1684	0	0
1685	0	0
1686	0	0
1687	0	0
1688	0	0
1688	0	0
1689	0	0
1690	0	0
1691	0	0
1692	0	0
1693	0	0
1693	0	0
1694	0	0
1695	0	0
1696	0	0
1697	0	0
1698	0	0
1698	0	0
1699	0	0
1700	0	0
1701	0	0
1702	0	0
1703	0	0
1703	0	0
1704	0	0
1705	0	0
1707	0	0
1708	0	0
1709	0	0
1709	0	0
1710	0	0
1711	0	0
1712	0	0
1713	0	0
1714	0	0
1714	0	0
1715	0	0
1716	0	0
1717	0	0
1718	0	0
1719	0	0
1719	0	0
1720	0	0
1721	0	0
1722	0	0
1723	0	0
1724	0	0
1724	0	0
1725	0	0
1726	0	0
1727	0	0
1728	0	0
1729	0	0
1729	0	0
1730	0	0
1731	0	0
1732	0	0
1733	0	0
1733	0	0
1734	0	0
1735	0	0
1736	0	0
1737	0	0
1738	0	0
1738	0	0
1739	0	0
1740	0	0
1741	0	0
1742	0	0
1743	0	0
1743	0	0
1744	0	0
1745	0	0
1746	0	0
1747	0	0
1748	0	0
1748	0	0
1750	0	0
1751	0	0
1752	0	0
1753	0	0
1754	0	0
1754	0	0
1755	0	0
1756	0	0
1757	0	0
1758	0	0
1759	0	0
1759	0	0
1760	0	0
1761	0	0
1762	0	0
1763	0	0
1764	0	0
1764	0	0
1765	0	0
1766	0	0
1767	0	0
1768	0	0
1769	0	0
1769	0	0
1770	0	0
1771	0	0
1772	0	0
1773	0	0
1773	0	0
1774	0	0
1775	0	0
1776	0	0
1777	0	0
1778	0	0
1778	0	0
1779	0	0
1780	0	0
1781	0	0
1782	0	0
1783	0	0
1783	0	0
1784	0	0
1785	0	0
1786	0	0
1787	0	0
1788	0	0
1788	0	0
1789	0	0
1790	0	0
1792	0	0
1793	0	0
1794	0	0
1794	0	0
1795	0	0
1796	0	0
1797	0	0
1798	0	0
1799	0	0
1799	0	0
1800	0	0
1801	0	0
1802	0	0
1803	0	0
1804	0	0
1804	0	0
1805	0	0
1806	0	0
1807	0	0
1808	0	0
1809	0	0
1809	0	0
1810	0	0
1811	0	0
1812	0	0
1813	0	0
1814	0	0
1814	0	0
1815	0	0
1816	0	0
1817	0	0
1818	0	0
1818	0	0
1819	0	0
1820	0	0
1821	0	0
1822	0	0
1823	0	0
1823	0	0
1824	0	0
1825	0	0
1826	0	0
1827	0	0
1828	0	0
1828	0	0
1829	0	0
1830	0	0
1831	0	0
1832	0	0
1833	0	0
1833	0	0
1835	0	0
1836	0	0
1837	0	0
1838	0	0
1839	0	0
1839	0	0
1840	0	0
1841	0	0
1842	0	0
1843	0	0
1844	0	0
1844	0	0
1845	0	0
1846	0	0
1847	0	0
1848	0	0
1849	0	0
1849	0	0
1850	0	0
1851	0	0
1852	0	0
1853	0	0
1854	0	0
1854	0	0
1855	0	0
1856	0	0
1857	0	0
1858	0	0
1859	0	0
1859	0	0
1860	0	0
1861	0	0
1862	0	0
1863	0	0
1863	0	0
1864	0	0
1865	0	0
1866	0	0
1867	0	0
1868	0	0
1868	0	0
1869	0	0
1870	0	0
1871	0	0
1872	0	0
1873	0	0
1873	0	0
1874	0	0
1875	0	0
1876	0	0
1878	0	0
1879	0	0
1879	0	0
1880	0	0
1881	0	0
1882	0	0
1883	0	0
1884	0	0
1884	0	0
1885	0	0
1886	0	0
1887	0	0
1888	0	0
1889	0	0
1889	0	0
1890	0	0
1891	0	0
1892	0	0
1893	0	0
1894	0	0
1894	0	0
1895	0	0
1896	0	0
1897	0	0
1898	0	0
1899	0	0
1899	0	0
1900	0	0
1901	0	0
1902	0	0
1903	0	0
1903	0	0
1904	0	0
1905	0	0
1906	0	0
1907	0	0
1908	0	0
1908	0	0
1909	0	0
1910	0	0
1911	0	0
1912	0	0
1913	0	0
1913	0	0
1914	0	0
1915	0	0
1916	0	0
1917	0	0
1918	0	0
1918	0	0
1920	0	0
1921	0	0
1922	0	0
1923	0	0
1924	0	0
1924	0	0
1925	0	0
1926	0	0
1927	0	0
1928	0	0
1929	0	0
1929	0	0
1930	0	0
1931	0	0
1932	0	0
1933	0	0
1934	0	0
1934	0	0
1935	0	0
1936	0	0
1937	0	0
1938	0	0
1939	0	0
1939	0	0
1940	0	0
1941	0	0
1942	0	0
1943	0	0
1944	0	0
1944	0	0
1945	0	0
1946	0	0
1947	0	0
1948	0	0
1948	0	0
1949	0	0
1950	0	0
1951	0	0
1952	0	0
1953	0	0
1953	0	0
1954	0	0
1955	0	0
1956	0	0
1957	0	0
1958	0	0
1958	0	0
1959	0	0
1960	0	0
1961	0	0
1963	0	0
1964	0	0
1964	0	0
1965	0	0
1966	0	0
1967	0	0
1968	0	0
1969	0	0
1969	0	0
1970	0	0
1971	0	0
1972	0	0
1973	0	0
1974	0	0
1974	0	0
1975	0	0
1976	0	0
1977	0	0
1978	0	0
1979	0	0
1979	0	0
1980	0	0
1981	0	0
1982	0	0
1983	0	0
1984	0	0
1984	0	0
1985	0	0
1986	0	0
1987	0	0
1988	0	0
1989	0	0
1989	0	0
1990	0	0
1991	0	0
1992	0	0
1993	0	0
1993	0	0
1994	0	0
1995	0	0
1996	0	0
1997	0	0
1998	0	0
1998	1	6
1999	1	14
2000	1	23
2001	1	31
2002	1	40
2003	1	48
2004	1	56
2006	1	65
2007	1	73
2008	1	81
2009	1	89
2009	1	97
2010	1	104
2011	1	113
2012	1	121
2013	1	130
2014	1	138
2015	1	146
2016	1	154
2017	1	162
2018	1	170
2019	1	178
2020	1	185
2021	1	193
2022	1	200
2023	1	208
2024	1	215
2025	1	222
2026	1	230
2027	1	237
2028	1	244
2029	1	251
2030	1	258
2031	1	264
2032	1	271
2033	1	278
2034	1	285
2035	1	291
2036	1	298
2037	1	304
2038	1	311
2039	1	317
2040	1	323
2041	1	329
2042	1	336
2043	1	342
2044	1	348
2045	1	354
2046	1	360
2048	1	366
2049	1	371
2050	1	377
2051	1	383
2052	1	388
2053	1	394
2054	1	400
2055	1	405
2056	1	410
2057	1	416
2058	1	421
2059	1	426
2060	1	432
2061	1	436
2062	1	442
2063	1	446
2064	1	451
2065	1	456
2066	1	461
2067	1	466
2068	1	471
2069	1	476
2070	1	481
2071	1	485
2072	1	490
2073	1	494
2074	1	499
2075	1	503
2076	1	508
2077	1	512
2078	1	517
2079	1	521
2080	1	525
2081	1	529
2082	1	533
2083	1	537
2084	1	542
2085	1	546
2086	1	550
2087	1	554
2088	1	558
2089	1	561
2091	1	565
2092	1	569
2093	1	573
2094	1	577
2095	1	580
2096	1	584
2097	1	588
2098	1	591
2099	1	595
2100	1	598
2101	1	602
2102	1	605
2103	1	609
2104	1	612
2105	1	616
2106	1	619
2107	1	622
2108	1	626
2109	1	629
2110	1	632
2111	1	635
2112	1	638
2113	1	641
2114	1	644
2115	1	648
2116	1	650
2117	1	653
2118	1	656
2119	1	659
2120	1	662
2121	1	665
2122	1	668
2123	1	671
2124	1	673
2125	1	676
2126	1	679
2127	1	682
2128	1	684
2129	1	687
2130	1	689
2131	1	692
2132	1	695
2134	1	697
2135	1	700
2136	1	702
2137	1	705
2138	1	707
2139	1	710
2140	1	712
2141	1	715
2142	1	717
2143	1	719
2144	1	721
2145	1	724
2146	1	726
2147	1	728
2148	1	731
2149	1	733
2150	1	735
2151	1	737
2152	1	739
2153	1	741
2154	1	743
2155	1	745
2156	1	748
2157	1	749
2158	1	752
2159	1	753
2160	1	756
2161	1	757
2162	1	759
2163	1	761
2164	1	763
2165	1	765
2166	1	767
2167	1	769
2168	1	770
2169	1	772
2170	1	774
2171	1	776
2172	1	777
2173	1	779
2174	1	781
2176	1	783
2177	1	784
2178	1	786
2179	1	788
2180	1	789
2181	1	791
2182	1	793
2183	1	794
2184	1	796
2185	1	797
2186	1	799
2187	1	800
2188	1	802
2189	1	803
2190	1	805
2191	1	806
2192	1	808
2193	1	809
2194	1	811
2195	1	812
2196	1	814
2197	1	815
2198	1	816
2199	1	818
2200	1	819
2201	1	821
2202	1	822
2203	1	823
2204	1	824
2205	1	826
2206	1	827
2207	1	828
2208	1	830
2209	1	831
2210	1	832
2211	1	833
2212	1	834
2213	1	835
2214	1	837
2215	1	838
2216	1	839
2217	1	840
2219	1	841
2220	1	843
2221	1	844
2222	1	845
2223	1	846
2224	1	847
2225	1	848
2226	1	849
2227	1	850
2228	1	851
2229	1	852
2230	1	853
2230	1	854
2231	1	855
2232	1	856
2233	1	857
2234	1	858
2235	1	859
2236	1	860
2237	1	861
2238	1	862
2239	1	862
2240	1	864
2241	1	864
2242	1	865
2243	1	866
2244	1	868
2245	1	868
2246	1	869
2247	1	870
2248	1	871
2249	1	872
2250	1	872
2251	1	873
2252	1	874
2253	1	875
2254	1	876
2255	1	877
2256	1	877
2257	1	878
2258	1	879
2259	1	880
2260	1	880
2262	1	881
2263	1	882
2264	1	882
2265	1	883
2266	1	884
2267	1	885
2268	1	885
2269	1	886
2270	1	887
2271	1	888
2272	1	888
2273	1	889
2274	1	889
2275	1	890
2276	1	891
2277	1	891
2278	1	892
2279	1	893
2280	1	893
2281	1	894
2282	1	894
2283	1	895
2284	1	895
2285	1	896
2286	1	897
2287	1	898
2288	1	898
2289	1	899
2290	1	899
2291	1	900
2292	1	900
2293	1	901
2294	1	901
2295	1	902
2296	1	902
2297	1	903
2298	1	904
2299	1	904
2300	1	904
2301	1	905
2302	1	906
2304	1	906
2305	1	906
2306	1	907
2307	1	908
2308	1	908
2309	1	908
2310	1	909
2311	1	909
2312	1	910
2313	1	910
2314	1	911
2315	1	911
2316	1	912
2317	1	912
2318	1	913
2319	1	913
2320	1	913
2321	1	914
2322	1	915
2323	1	915
2324	1	916
2325	1	916
2326	1	916
2327	1	916
2328	1	917
2329	1	917
2330	1	918
2331	1	918
2332	1	918
2333	1	919
2334	1	919
2335	1	919
2336	1	920
2337	1	920
2338	1	921
2339	1	921
2340	1	921
2341	1	922
2342	1	922
2343	1	923
2344	1	923
2345	1	923
2347	1	924
2348	1	924
2349	1	924
2350	1	925
2351	1	925
2352	1	926
2353	1	926
2354	1	926
2355	1	926
2356	1	927
2357	1	927
2358	1	927
2359	1	928
2360	1	928
2361	1	928
2362	1	929
2363	1	928
2364	1	929
2365	1	929
2366	1	930
2367	1	930
2368	1	930
2369	1	931
2370	1	931
2371	1	931
2372	1	931
2373	1	932
2374	1	932
2375	1	932
2376	1	932
2377	1	933
2378	1	933
2379	1	933
2380	1	933
2381	1	934
2382	1	934
2383	1	934
2384	1	934
2385	1	934
2386	1	935
2387	1	935
2388	1	935
2390	1	935
2391	1	935
2392	1	936
2393	1	936
2394	1	936
2395	1	936
2396	1	937
2397	1	937
2398	1	937
2399	1	937
2400	1	938
2401	1	938
2402	1	938
2403	1	938
2404	1	938
2405	1	939
2406	1	939
2407	1	939
2408	1	939
2409	1	939
2410	1	940
2411	1	940
2412	1	940
2413	1	940
2414	1	940
2415	1	941
2416	1	940
2417	1	941
2418	1	941
2419	1	941
2420	1	941
2421	1	942
2422	1	942
2423	1	942
2424	1	942
2425	1	942
2426	1	942
2427	1	942
2428	1	942
2429	1	943
2430	1	943
2432	1	943
2433	1	943
2434	1	943
2435	1	944
2436	1	944
2437	1	944
2438	1	944
2439	1	945
2440	1	944
2441	1	944
2442	1	944
2443	1	945
2444	1	945
2445	1	945
2446	1	945
2447	1	945
2448	1	945
2449	1	945
2450	1	946
2451	1	946
2452	1	946
2453	1	946
2454	1	946
2455	1	946
2456	1	947
2457	1	946
2458	1	947
2459	1	947
2460	1	947
2461	1	947
2462	1	947
2463	1	947
2464	1	948
2465	1	947
2466	1	948
2467	1	948
2468	1	948
2469	1	948
2470	1	948
2471	1	948
2472	1	948
2473	1	949
2475	1	949
2476	1	949
2477	1	949
2478	1	949
2479	1	949
2480	1	949
2481	1	949
2482	1	949
2483	1	950
2484	1	949
2485	1	950
2486	1	949
2487	1	950
2488	1	950
2489	1	950
2490	1	950
2491	1	950
2491	1	950
2492	1	950
2493	1	950
2494	1	951
2495	1	951
2496	1	951
2497	1	950
2498	1	951
2499	1	951
2500	1	951
2501	1	951
2502	1	951
2503	1	951
2504	1	951
2505	1	952
2506	1	951
2507	1	952
2508	1	952
2509	1	952
2510	1	952
2511	1	952
2512	1	952
2513	1	952
2514	1	952
2515	1	952
2516	1	952
2518	1	952
2519	1	953
2520	1	953
2521	1	953
2522	1	953
2523	1	953
2524	1	953
2525	1	953
2526	1	953
2527	1	953
2528	1	953
2529	1	953
2530	1	953
2531	1	953
2532	1	953
2533	1	953
2534	1	954
2535	1	954
2536	1	954
2537	1	954
2538	1	954
2539	1	954
2540	1	954
2541	1	954
2542	1	954
2543	1	954
2544	1	954
2545	1	954
2546	1	954
2547	1	954
2548	1	954
2549	1	955
2550	1	954
2551	1	955
2552	1	954
2553	1	955
2554	1	955
2555	1	955
2556	1	955
2557	1	955
2558	1	955
2560	1	955
2561	1	955
2562	1	955
2563	1	955
2564	1	955
2565	1	955
2566	1	955
2567	1	955
2568	1	955
2569	1	955
2570	1	955
2571	1	956
2572	1	955
2573	1	956
2574	1	956
2575	1	956
2576	1	956
2577	1	956
2578	1	956
2579	1	956
2580	1	956
2581	1	956
2582	1	956
2583	1	956
2584	1	956
2585	1	956
2586	1	956
2587	1	956
2588	1	956
2589	1	956
2590	1	956
2591	1	956
2592	1	956
2593	1	956
2594	1	956
2595	1	956
2596	1	956
2597	1	956
2598	1	957
2599	1	957
2600	1	957
2601	1	957
2603	1	957
2604	1	957
2605	1	957
2606	1	957
2607	1	957
2608	1	957
2609	1	957
2610	1	957
2611	1	957
2612	1	957
2613	1	957
2614	1	957
2615	1	957
2616	1	957
2617	1	957
2618	1	957
2619	1	957
2620	1	957
2621	1	957
2622	1	957
2623	1	957
2624	1	957
2625	1	957
2626	1	957
2627	1	957
2628	1	957
2629	1	957
2630	1	957
2631	1	958
2632	1	957
2633	1	958
2634	1	957
2635	1	957
2636	1	958
2637	1	957
2638	1	957
2639	1	958
2640	1	958
2641	1	958
2642	1	958
2643	1	958
2644	1	958
2646	1	958
2647	1	958
2648	1	958
2649	1	958
2650	1	958
2651	1	958
2652	1	958
2653	1	958
2654	1	958
2655	1	958
2656	1	958
2657	1	958
2658	1	958
2659	1	958
2660	1	958
2661	1	958
2662	1	958
2663	1	958
2664	1	958
2665	1	958
2666	1	958
2667	1	958
2668	1	958
2669	1	958
2670	1	958
2671	1	958
2672	1	958
2673	1	958
2674	1	958
2675	1	959
2676	1	959
2677	1	959
2678	1	958
2679	1	959
2680	1	959
2681	1	959
2682	1	958
2683	1	959
2684	1	959
2685	1	959
2686	1	958
2688	1	959
2689	1	959
2690	1	959
2691	1	958
2692	1	959
2693	1	959
2694	1	959
2695	1	959
2696	1	959
2697	1	959
2698	1	959
2699	1	959
2700	1	959
2701	1	959
2702	1	959
2703	1	959
2704	1	959
2705	1	959
2706	1	959
2707	1	959
2708	1	959
2709	1	959
2710	1	959
2711	1	959
2712	1	959
2713	1	959
2714	1	959
2715	1	959
2716	1	959
2717	1	959
2718	1	959
2719	1	959
2720	1	959
2721	1	959
2722	1	959
2723	1	959
2724	1	959
2725	1	959
2726	1	959
2727	1	959
2728	1	959
2729	1	959
2731	1	959
2732	1	960
2733	1	959
2734	1	959
2735	1	959
2736	1	959
2737	1	959
2738	1	959
2739	1	960
2740	1	959
2741	1	959
2742	1	959
2743	1	959
2744	1	960
2745	1	959
2746	1	960
2747	1	959
2748	1	960
2749	1	959
2750	1	960
2751	1	960
2752	1	960
2752	1	960
2753	1	960
2754	1	959
2755	1	960
2756	1	960
2757	1	960
2758	1	960
2759	1	960
2760	1	960
2761	1	960
2762	1	960
2763	1	960
2764	1	960
2765	1	960
2766	1	960
2767	1	960
2768	1	960
2769	1	960
2770	1	960
2771	1	960
2772	1	960
2774	1	960
2775	1	960
2776	1	960
2777	1	960
2778	1	960
2779	1	960
2780	1	960
2781	1	960
2782	1	960
2783	1	960
2784	1	960
2785	1	960
2786	1	960
2787	1	960
2788	1	960
2789	1	960
2790	1	960
2791	1	960
2792	1	960
2793	1	960
2794	1	960
2795	1	960
2796	1	960
2797	1	960
2798	1	960
2799	1	960
2800	1	960
2801	1	960
2802	1	960
2803	1	960
2804	1	960
2805	1	960
2806	1	960
2807	1	960
2808	1	960
2809	1	960
2810	1	960
2811	1	960
2812	1	960
2813	1	960
2814	1	960
2816	1	960
2817	1	960
2818	1	960
2819	1	960
2820	1	960
2821	1	960
2822	1	960
2823	1	960
2824	1	960
2825	1	960
2826	1	960
2827	1	960
2828	1	960
2829	1	960
2830	1	960
2831	1	960
2832	1	960
2833	1	960
2834	1	960
2835	1	960
2836	1	960
2837	1	960
2838	1	960
2839	1	960
2840	1	960
2841	1	960
2842	1	960
2843	1	960
2844	1	960
2845	1	960
2846	1	960
2847	1	960
2848	1	960
2849	1	960
2850	1	960
2851	1	960
2852	1	960
2853	1	960
2854	1	960
2855	1	961
2856	1	960
2857	1	961
2859	1	960
2860	1	961
2861	1	960
2862	1	961
2863	1	960
2864	1	961
2865	1	960
2866	1	960
2867	1	960
2868	1	960
2869	1	961
2870	1	960
2871	1	960
2872	1	960
2873	1	960
2874	1	960
2875	1	960
2876	1	960
2877	1	960
2878	1	960
2879	1	960
2880	1	960
2881	1	960
2882	1	960
2883	1	960
2884	1	960
2885	1	960
2886	1	960
2887	1	960
2888	1	960
2889	1	960
2890	1	960
2891	1	960
2892	1	960
2893	1	960
2894	1	960
2895	1	960
2896	1	960
2897	1	960
2898	1	960
2899	1	960
2900	1	961
2902	1	960
2903	1	961
2904	1	960
2905	1	960
2906	1	960
2907	1	960
2908	1	960
2909	1	960
2910	1	961
2911	1	960
2912	1	960
2913	1	960
2914	1	960
2915	1	961
2916	1	961
2917	1	961
2918	1	960
2919	1	961
2920	1	961
2921	1	961
2922	1	961
2923	1	961
2924	1	961
2925	1	961
2926	1	961
2927	1	960
2928	1	960
2929	1	961
2930	1	961
2931	1	960
2932	1	961
2933	1	960
2934	1	960
2935	1	960
2936	1	961
2937	1	960
2938	1	960
2939	1	960
2940	1	961
2941	1	960
2942	1	961
2944	1	960
2945	1	960
2946	1	961
2947	1	961
2948	1	961
2949	1	961
2950	1	961
2951	1	960
2952	1	961
2953	1	961
2954	1	960
2955	1	961
2956	1	961
2957	1	961
2958	1	960
2959	1	961
2960	1	961
2961	1	961
2962	1	961
2963	1	961
2964	1	961
2965	1	961
2966	1	960
2967	1	961
2968	1	961
2969	1	961
2970	1	960
2971	1	961
2972	1	961
2973	1	961
2974	1	961
2975	1	961
2976	1	961
2977	1	961
2978	1	960
2979	1	961
2980	1	961
2981	1	961
2982	1	961
2983	1	961
2984	1	961
2985	1	961
2987	1	960
2988	1	961
2989	1	961
2990	1	961
2991	1	961
2992	1	961
2993	1	961
2994	1	961
2995	1	960
2996	1	961
2997	1	960
2998	1	961
2999	1	960
3000	1	961
3001	1	961
3002	1	961
3003	1	961
3004	1	961
3005	1	961
3006	1	961
3007	1	961
3008	1	961
3009	1	961
3010	1	961
3011	1	961
3012	1	961
3013	1	961
3013	1	961
3014	1	961
3015	1	961
3016	1	961
3017	1	961
3018	1	960
3019	1	961
3020	1	961
3021	1	961
3022	1	960
3023	1	961
3024	1	961
3025	1	961
3026	1	961
3027	1	961
3028	1	961
3030	1	961
3031	1	960
3032	1	961
3033	1	961
3034	1	961
3035	1	960
3036	1	961
3037	1	961
3038	1	961
3039	1	961
3040	1	961
3041	1	961
3042	1	961
3043	1	960
3044	1	961
3045	1	961
3046	1	961
3047	1	961
3048	1	961
3049	1	961
3050	1	961
3051	1	961
3052	1	961
3053	1	961
3054	1	961
3055	1	961
3056	1	961
3057	1	961
3058	1	961
3059	1	961
3060	1	961
3061	1	961
3062	1	961
3063	1	960
3064	1	961
3065	1	961
3066	1	961
3067	1	960
3068	1	961
3069	1	961
3070	1	961
3072	1	961
3073	1	961
3074	1	961
3075	1	961
3076	1	961
3077	1	961
3078	1	961
3079	1	961
3080	1	961
3081	1	961
3082	1	961
3083	1	961
3084	1	961
3085	1	961
3086	1	961
3087	1	961
3088	1	961
3089	1	961
3090	1	961
3091	1	961
3092	1	961
3093	1	961
3094	1	961
3095	1	961
3096	1	961
3097	1	961
3098	1	961
3099	1	961
3100	1	961
3101	1	961
3102	1	961
3103	1	961
3104	1	961
3105	1	961
3106	1	961
3107	1	961
3108	1	961
3109	1	961
3110	1	961
3111	1	961
3112	1	961
3113	1	961
3115	1	961
3116	1	961
3117	1	961
3118	1	961
3119	1	961
3120	1	961
3121	1	961
3122	1	961
3123	1	961
3124	1	961
3125	1	961
3126	1	961
3127	1	961
3128	1	961
3129	1	961
3130	1	961
3131	1	961
3132	1	961
3133	1	961
3134	1	961
3135	1	961
3136	1	961
3137	1	961
3138	1	961
3139	1	961
3140	1	961
3141	1	961
3142	1	961
3143	1	961
3144	1	961
3145	1	961
3146	1	961
3147	1	961
3148	1	961
3149	1	961
3150	1	961
3151	1	961
3152	1	961
3153	1	961
3154	1	961
3155	1	961
3156	1	961
3158	1	961
3159	1	961
3160	1	961
3161	1	961
3162	1	961
3163	1	961
3164	1	961
3165	1	961
3166	1	961
3167	1	961
3168	1	961
3169	1	961
3170	1	961
3171	1	961
3172	1	961
3173	1	961
3174	1	961
3175	1	961
3176	1	961
3177	1	961
3178	1	961
3179	1	961
3180	1	961
3181	1	961
3182	1	961
3183	1	961
3184	1	961
3185	1	961
3186	1	961
3187	1	961
3188	1	961
3189	1	961
3190	1	961
3191	1	961
3192	1	961
3193	1	961
3194	1	961
3195	1	961
3196	1	961
3197	1	961
3198	1	961
3200	1	961
3201	1	961
3202	1	961
3203	1	961
3204	1	961
3205	1	961
3206	1	961
3207	1	961
3208	1	961
3209	1	961
3210	1	961
3211	1	961
3212	1	961
3213	1	961
3214	1	961
3215	1	961
3216	1	961
3217	1	961
3218	1	961
3219	1	961
3220	1	961
3221	1	961
3222	1	961
3223	1	961
3224	1	961
3225	1	961
3226	1	961
3227	1	961
3228	1	961
3229	1	961
3230	1	961
3231	1	961
3232	1	961
3233	1	961
3234	1	961
3235	1	961
3236	1	961
3237	1	961
3238	1	961
3239	1	961
3240	1	961
3241	1	961
3243	1	961
3244	1	961
3245	1	961
3246	1	961
3247	1	961
3248	1	961
3249	1	961
3250	1	961
3251	1	961
3252	1	961
3253	1	961
3254	1	961
3255	1	961
3256	1	961
3257	1	961
3258	1	961
3259	1	961
3260	1	961
3261	1	961
3262	1	961
3263	1	961
3264	1	961
3265	1	961
3266	1	961
3267	1	961
3268	1	961
3269	1	961
3270	1	961
3271	1	961
3272	1	961
3273	1	961
3274	1	961
3274	1	961
3275	1	961
3276	1	961
3277	1	961
3278	1	961
3279	1	961
3280	1	961
3281	1	961
3282	1	961
3283	1	961
3284	1	961
3286	1	961
3287	1	961
3288	1	961
3289	1	961
3290	1	961
3291	1	961
3292	1	961
3293	1	961
3294	1	961
3295	1	961
3296	1	961
3297	1	961
3298	1	961
3299	1	961
3300	1	961
3301	1	961
3302	1	961
3303	1	961
3304	1	961
3305	1	961
3306	1	961
3307	1	961
3308	1	961
3309	1	961
3310	1	961
3311	1	961
3312	1	961
3313	1	961
3314	1	961
3315	1	961
3316	1	961
3317	1	961
3318	1	961
3319	1	961
3320	1	961
3321	1	961
3322	1	961
3323	1	961
3324	1	961
3325	1	961
3326	1	961
3328	1	961
3329	1	961
3330	1	961
3331	1	961
3332	1	961
3333	1	961
3334	1	961
3335	1	961
3336	1	961
3337	1	961
3338	1	961
3339	1	961
3340	1	961
3341	1	961
3342	1	961
3343	1	961
3344	1	961
3345	1	961
3346	1	961
3347	1	961
3348	1	961
3349	1	961
3350	1	961
3351	1	961
3352	1	961
3353	1	961
3354	1	961
3355	1	961
3356	1	961
3357	1	962
3358	1	961
3359	1	961
3360	1	961
3361	1	961
3362	1	961
3363	1	961
3364	1	961
3365	1	961
3366	1	961
3367	1	961
3368	1	961
3369	1	961
3371	1	961
3372	1	961
3373	1	961
3374	1	961
3375	1	961
3376	1	961
3377	1	961
3378	1	961
3379	1	961
3380	1	961
3381	1	961
3382	1	961
3383	1	961
3384	1	961
3385	1	961
3386	1	961
3387	1	961
3388	1	961
3389	1	961
3390	1	961
3391	1	961
3392	1	961
3393	1	961
3394	1	961
3395	1	961
3396	1	961
3397	1	961
3398	1	961
3399	1	961
3400	1	961
3401	1	961
3402	1	961
3403	1	961
3404	1	961
3405	1	961
3406	1	961
3407	1	961
3408	1	961
3409	1	961
3410	1	961
3411	1	961
3412	1	961
3414	1	961
3415	1	961
3416	1	961
3417	1	961
3418	1	961
3419	1	961
3420	1	961
3421	1	961
3422	1	961
3423	1	961
3424	1	961
3425	1	961
3426	1	961
3427	1	961
3428	1	961
3429	1	961
3430	1	961
3431	1	961
3432	1	961
3433	1	961
3434	1	961
3435	1	961
3436	1	961
3437	1	961
3438	1	961
3439	1	961
3440	1	961
3441	1	961
3442	1	961
3443	1	961
3444	1	961
3445	1	961
3446	1	961
3447	1	962
3448	1	961
3449	1	961
3450	1	961
3451	1	961
3452	1	961
3453	1	961
3454	1	961
3456	1	962
3457	1	961
3458	1	961
3459	1	961
3460	1	962
3461	1	961
3462	1	961
3463	1	961
3464	1	962
3465	1	961
3466	1	961
3467	1	961
3468	1	961
3469	1	961
3470	1	961
3471	1	961
3472	1	961
3473	1	961
3474	1	961
3475	1	961
3476	1	961
3477	1	961
3478	1	961
3479	1	961
3480	1	961
3481	1	961
3482	1	961
3483	1	961
3484	1	961
3485	1	961
3486	1	961
3487	1	961
3488	1	961
3489	1	961
3490	1	961
3491	1	961
3492	1	961
3493	1	961
3494	1	961
3495	1	961
3496	1	961
3497	1	961
3499	1	961
3500	1	961
3501	1	961
3502	1	961
3503	1	961
3504	1	961
3505	1	961
3506	1	961
3507	1	961
3508	1	961
3509	1	961
3510	1	961
3511	1	961
3512	1	961
3513	1	961
3514	1	961
3515	1	961
3516	1	961
3517	1	961
3518	1	961
3519	1	962
3520	1	961
3521	1	961
3522	1	961
3523	1	961
3524	1	961
3525	1	961
3526	1	961
3527	1	961
3528	1	961
3529	1	961
3530	1	961
3531	1	961
3532	1	961
3533	1	961
3534	1	961
3535	1	961
3535	1	961
3536	1	961
3537	1	961
3538	1	961
3539	1	961
3540	1	961
3542	1	961
3543	1	961
3544	1	961
3545	1	961
3546	1	961
3547	1	961
3548	1	961
3549	1	961
3550	1	961
3551	1	961
3552	1	961
3553	1	961
3554	1	961
3555	1	962
3556	1	961
3557	1	962
3558	1	961
3559	1	962
3560	1	961
3561	1	962
3562	1	961
3563	1	962
3564	1	961
3565	1	961
3566	1	961
3567	1	961
3568	1	961
3569	1	961
3570	1	961
3571	1	961
3572	1	961
3573	1	961
3574	1	961
3575	1	961
3576	1	961
3577	1	961
3578	1	961
3579	1	962
3580	1	961
3581	1	961
3582	1	961
3584	1	961
3585	1	961
3586	1	961
3587	1	961
3588	1	961
3589	1	961
3590	1	961
3591	1	961
3592	1	961
3593	1	961
3594	1	961
3595	1	961
3596	1	961
3597	1	961
3598	1	961
3599	1	961
3600	1	961
3601	1	961
3602	1	961
3603	1	961
3604	1	961
3605	1	961
3606	1	961
3607	1	962
3608	1	961
3609	1	961
3610	1	961
3611	1	961
3612	1	961
3613	1	961
3614	1	961
3615	1	961
3616	1	961
3617	1	961
3618	1	961
3619	1	961
3620	1	961
3621	1	962
3622	1	961
3623	1	961
3624	1	961
3625	1	961
3627	1	961
3628	1	961
3629	1	961
3630	1	961
3631	1	961
3632	1	961
3633	1	961
3634	1	961
3635	1	961
3636	1	961
3637	1	961
3638	1	961
3639	1	961
3640	1	961
3641	1	961
3642	1	961
3643	1	961
3644	1	961
3645	1	961
3646	1	961
3647	1	961
3648	1	961
3649	1	961
3650	1	961
3651	1	961
3652	1	961
3653	1	961
3654	1	961
3655	1	961
3656	1	961
3657	1	962
3658	1	961
3659	1	961
3660	1	961
3661	1	962
3662	1	961
3663	1	962
3664	1	961
3665	1	961
3666	1	961
3667	1	961
3668	1	961
3670	1	961
3671	1	961
3672	1	961
3673	1	961
3674	1	961
3675	1	961
3676	1	961
3677	1	962
3678	1	961
3679	1	961
3680	1	962
3681	1	961
3682	1	961
3683	1	961
3684	1	961
3685	1	961
3686	1	961
3687	1	961
3688	1	961
3689	1	961
3690	1	961
3691	1	961
3692	1	961
3693	1	961
3694	1	961
3695	1	961
3696	1	961
3697	1	962
3698	1	961
3699	1	961
3700	1	961
3701	1	961
3702	1	961
3703	1	961
3704	1	961
3705	1	961
3706	1	961
3707	1	961
3708	1	961
3709	1	961
3710	1	961
3712	1	961
3713	1	961
3714	1	961
3715	1	961
3716	1	961
3717	1	961
3718	1	961
3719	1	961
3720	1	961
3721	1	961
3722	1	961
3723	1	961
3724	1	961
3725	1	961
3726	1	961
3727	1	961
3728	1	961
3729	1	961
3730	1	961
3731	1	961
3732	1	961
3733	1	961
3734	1	961
3735	1	961
3736	1	961
3737	1	961
3738	1	961
3739	1	961
3740	1	962
3741	1	961
3742	1	961
3743	1	961
3744	1	962
3745	1	961
3746	1	961
3747	1	961
3748	1	961
3749	1	962
3750	1	961
3751	1	962
3752	1	961
3753	1	962
3755	1	961
3756	1	962
3757	1	961
3758	1	962
3759	1	961
3760	1	961
3761	1	961
3762	1	961
3763	1	961
3764	1	961
3765	1	961
3766	1	961
3767	1	962
3768	1	961
3769	1	961
3770	1	961
3771	1	962
3772	1	961
3773	1	961
3774	1	961
3775	1	961
3776	1	961
3777	1	961
3778	1	961
3779	1	961
3780	1	961
3781	1	962
3782	1	961
3783	1	961
3784	1	961
3785	1	961
3786	1	961
3787	1	961
3788	1	961
3789	1	961
3790	1	961
3791	1	961
3792	1	961
3793	1	961
3794	1	961
3795	1	961
3796	1	961
3796	1	962
3798	1	961
3799	1	961
3800	1	961
3801	1	962
3802	1	961
3803	1	961
3804	1	962
3805	1	961
3806	1	961
3807	1	961
3808	1	961
3809	1	961
3810	1	961
3811	1	961
3812	1	961
3813	1	961
3814	1	961
3815	1	961
3816	1	961
3817	1	961
3818	1	961
3819	1	961
3820	1	961
3821	1	961
3822	1	961
3823	1	961
3824	1	961
3825	1	961
3826	1	961
3827	1	961
3828	1	961
3829	1	961
3830	1	961
3831	1	961
3832	1	961
3833	1	961
3834	1	961
3835	1	961
3836	1	961
3837	1	962
3838	1	961
3840	1	961
3841	1	961
3842	1	962
3843	1	961
3844	1	961
3845	1	962
3846	1	961
3847	1	961
3848	1	961
3849	1	962
3850	1	961
3851	1	961
3852	1	961
3853	1	961
3854	1	961
3855	1	961
3856	1	961
3857	1	962
3858	1	961
3859	1	961
3860	1	961
3861	1	962
3862	1	961
3863	1	961
3864	1	961
3865	1	961
3866	1	961
3867	1	961
3868	1	961
3869	1	961
3870	1	961
3871	1	961
3872	1	961
3873	1	961
3874	1	961
3875	1	961
3876	1	961
3877	1	961
3878	1	961
3879	1	961
3880	1	961
3881	1	961
3883	1	961
3884	1	961
3885	1	961
3886	1	961
3887	1	961
3888	1	961
3889	1	961
3890	1	961
3891	1	962
3892	1	961
3893	1	961
3894	1	961
3895	1	961
3896	1	961
3897	1	961
3898	1	961
3899	1	961
3900	1	962
3901	1	962
3902	1	961
3903	1	961
3904	1	961
3905	1	961
3906	1	961
3907	1	962
3908	1	961
3909	1	961
3910	1	961
3911	1	961
3912	1	961
3913	1	961
3914	1	961
3915	1	961
3916	1	961
3917	1	962
3918	1	961
3919	1	961
3920	1	962
3921	1	961
3922	1	961
3923	1	961
3924	1	961
3926	1	961
3927	1	961
3928	1	961
3929	1	961
3930	1	961
3931	1	961
3932	1	961
3933	1	961
3934	1	961
3935	1	961
3936	1	961
3937	1	961
3938	1	961
3939	1	961
3940	1	961
3941	1	961
3942	1	961
3943	1	961
3944	1	961
3945	1	961
3946	1	961
3947	1	961
3948	1	961
3949	1	962
3950	1	961
3951	1	961
3952	1	961
3953	1	962
3954	1	961
3955	1	962
3956	1	961
3957	1	962
3958	1	961
3959	1	962
3960	1	961
3961	1	962
3962	1	961
3963	1	962
3964	1	961
3965	1	961
3966	1	961
3968	1	961
3969	1	961
3970	1	962
3971	1	961
3972	1	961
3973	1	961
3974	1	961
3975	1	961
3976	1	961
3977	1	961
3978	1	961
3979	1	961
3980	1	961
3981	1	961
3982	1	961
3983	1	961
3984	1	961
3985	1	961
3986	1	961
3987	1	961
3988	1	961
3989	1	961
3990	1	961
3991	1	961
3992	1	961
3993	1	961
3994	1	961
3995	1	961
3996	1	961
3997	1	962
3998	1	961
3999	0	949
4000	0	940
4001	0	930
4002	0	921
4003	0	912
4004	0	903
4005	0	894
4006	0	885
4007	0	877
4008	0	868
4009	0	859
4011	0	851
4012	0	843
4013	0	834
4014	0	826
4015	0	818
4016	0	809
4017	0	802
4018	0	794
4019	0	786
4020	0	779
4021	0	771
4022	0	764
4023	0	756
4024	0	748
4025	0	741
4026	0	734
4027	0	727
4028	0	719
4029	0	712
4030	0	705
4031	0	699
4032	0	692
4033	0	685
4034	0	678
4035	0	672
4036	0	665
4037	0	659
4038	0	652
4039	0	646
4040	0	639
4041	0	633
4042	0	627
4043	0	621
4044	0	615
4045	0	609
4046	0	603
4047	0	597
4048	0	591
4049	0	586
4050	0	580
4051	0	574
4052	0	568
4054	0	563
4055	0	557
4056	0	552
4057	0	547
4058	0	542
4058	0	536
4059	0	531
4060	0	526
4061	0	521
4062	0	516
4063	0	511
4064	0	505
4065	0	501
4066	0	496
4067	0	491
4068	0	486
4069	0	481
4070	0	477
4071	0	472
4072	0	467
4073	0	463
4074	0	459
4075	0	454
4076	0	450
4077	0	445
4078	0	441
4079	0	437
4080	0	432
4081	0	428
4082	0	424
4083	0	420
4084	0	416
4085	0	412
4086	0	408
4087	0	404
4088	0	400
4089	0	396
4090	0	392
4091	0	388
4092	0	385
4093	0	381
4094	0	377
4096	0	374
4097	0	370
4098	0	367
4099	0	363
4100	0	360
4101	0	356
4102	0	353
4103	0	349
4104	0	346
4105	0	343
4106	0	339
4107	0	336
4108	0	333
4109	0	330
4110	0	326
4111	0	323
4112	0	320
4113	0	317
4114	0	314
4115	0	311
4116	0	308
4117	0	305
4118	0	302
4119	0	299
4120	0	297
4121	0	294
4122	0	291
4123	0	288
4124	0	285
4125	0	282
4126	0	280
4127	0	277
4128	0	274
4129	0	272
4130	0	269
4131	0	267
4132	0	264
4133	0	262
4134	0	259
4135	0	257
4136	0	254
4137	0	252
4139	0	249
4140	0	247
4141	0	245
4142	0	242
4143	0	240
4144	0	238
4145	0	235
4146	0	233
4147	0	231
4148	0	229
4149	0	226
4150	0	224
4151	0	222
4152	0	220
4153	0	218
4154	0	216
4155	0	214
4156	0	211
4157	0	210
4158	0	208
4159	0	206
4160	0	204
4161	0	202
4162	0	200
4163	0	198
4164	0	196
4165	0	194
4166	0	193
4167	0	191
4168	0	189
4169	0	187
4170	0	185
4171	0	183
4172	0	182
4173	0	180
4174	0	178
4175	0	176
4176	0	175
4177	0	173
4178	0	172
4179	0	170
4180	0	168
4182	0	167
4183	0	165
4184	0	164
4185	0	162
4186	0	161
4187	0	159
4188	0	158
4189	0	156
4190	0	155
4191	0	153
4192	0	151
4193	0	150
4194	0	149
4195	0	148
4196	0	146
4197	0	145
4198	0	143
4199	0	142
4200	0	141
4201	0	139
4202	0	138
4203	0	137
4204	0	135
4205	0	134
4206	0	133
4207	0	131
4208	0	130
4209	0	129
4210	0	128
4211	0	127
4212	0	125
4213	0	124
4214	0	123
4215	0	122
4216	0	121
4217	0	120
4218	0	119
4219	0	117
4220	0	116
4221	0	115
4222	0	114
4224	0	113
4225	0	112
4226	0	111
4227	0	110
4228	0	109
4229	0	108
4230	0	106
4231	0	106
4232	0	105
4233	0	104
4234	0	103
4235	0	102
4236	0	101
4237	0	100
4238	0	99
4239	0	98
4240	0	97
4241	0	96
4241	0	96
4242	0	95
4243	0	94
4244	0	93
4245	0	92
4246	0	91
4247	0	91
4248	0	90
4249	0	89
4250	0	88
4251	0	87
4252	0	87
4252	0	86
4253	0	85
4254	0	85
4255	0	84
4256	0	83
4257	0	83
4258	0	82
4259	0	81
4260	0	80
4261	0	80
4262	0	79
4262	0	78
4263	0	78
4264	0	77
4265	0	76
4267	0	75
4268	0	75
4269	0	74
4270	0	74
4271	0	73
4272	0	72
4273	0	72
4274	0	71
4274	0	71
4275	0	70
4276	0	69
4277	0	69
4278	0	68
4279	0	68
4280	0	67
4281	0	67
4282	0	66
4283	0	65
4284	0	64
4284	0	64
4285	0	64
4286	0	63
4287	0	63
4288	0	62
4289	0	62
4290	0	61
4291	0	60
4292	0	60
4293	0	59
4294	0	59
4295	0	58
4295	0	58
4296	0	57
4297	0	57
4298	0	56
4299	0	56
4300	0	55
4301	0	55
4302	0	54
4303	0	54
4304	0	53
4305	0	53
4305	0	52
4306	0	52
4307	0	52
4308	0	51
4310	0	51
4311	0	51
4312	0	50
4313	0	49
4314	0	49
4315	0	49
4316	0	48
4317	0	48
4317	0	47
4318	0	47
4319	0	47
4320	0	46
4321	0	46
4322	0	45
4323	0	45
4324	0	45
4325	0	45
4326	0	44
4327	0	43
4327	0	43
4328	0	42
4329	0	43
4330	0	42
4331	0	42
4332	0	41
4333	0	41
4334	0	41
4335	0	40
4336	0	40
4337	0	40
4338	0	39
4338	0	39
4339	0	39
4340	0	38
4341	0	38
4342	0	38
4343	0	37
4344	0	37
4345	0	37
4346	0	36
4347	0	36
4348	0	36
4348	0	35
4349	0	35
4350	0	35
4352	0	35
4353	0	34
4354	0	34
4355	0	34
4356	0	33
4357	0	33
4358	0	33
4359	0	32
4360	0	33
4360	0	32
4361	0	32
4362	0	31
4363	0	31
4364	0	31
4365	0	31
4366	0	30
4367	0	30
4368	0	30
4369	0	30
4370	0	30
4370	0	29
4371	0	29
4372	0	28
4373	0	28
4374	0	28
4375	0	28
4376	0	28
4377	0	28
4378	0	27
4379	0	27
4380	0	27
4381	0	26
4381	0	26
4382	0	26
4383	0	26
4384	0	26
4385	0	25
4386	0	25
4387	0	25
4388	0	25
4389	0	25
4390	0	24
4391	0	25
4391	0	24
4392	0	24
4393	0	24
4395	0	23
4396	0	23
4397	0	23
4398	0	23
4399	0	23
4400	0	23
4401	0	22
4402	0	22
4403	0	22
4403	0	22
4404	0	22
4405	0	21
4406	0	21
4407	0	21
4408	0	21
4409	0	21
4410	0	20
4411	0	20
4412	0	20
4413	0	20
4413	0	20
4414	0	20
4415	0	19
4416	0	19
4417	0	19
4418	0	19
4419	0	19
4420	0	19
4421	0	19
4422	0	19
4423	0	18
4424	0	18
4424	0	18
4425	0	18
4426	0	17
4427	0	17
4428	0	17
4429	0	17
4430	0	17
4431	0	17
4432	0	17
4433	0	16
4434	0	17
4434	0	16
4435	0	16
4436	0	16
4438	0	16
4439	0	16
4440	0	15
4441	0	15
4442	0	15
4443	0	15
4444	0	15
4445	0	15
4446	0	15
4446	0	15
4447	0	14
4448	0	14
4449	0	15
4450	0	14
4451	0	14
4452	0	14
4453	0	14
4454	0	14
4455	0	14
4456	0	13
4456	0	13
4457	0	14
4458	0	13
4459	0	13
4460	0	13
4461	0	13
4462	0	13
4463	0	12
4464	0	13
4465	0	12
4466	0	12
4467	0	12
4467	0	12
4468	0	12
4469	0	12
4470	0	11
4471	0	12
4472	0	12
4473	0	11
4474	0	12
4475	0	11
4476	0	11
4477	0	11
4477	0	11
4478	0	11
4480	0	11
4481	0	11
4482	0	11
4483	0	11
4484	0	11
4485	0	10
4486	0	10
4487	0	10
4488	0	10
4489	0	10
4489	0	10
4490	0	10
4491	0	10
4492	0	10
4493	0	10
4494	0	10
4495	0	9
4496	0	9
4497	0	9
4497	0	9
4498	0	9
4499	0	9
4500	0	9
4501	0	9
4502	0	9
4502	0	9
4503	0	9
4504	0	9
4505	0	9
4506	0	9
4507	0	9
4507	0	8
4508	0	8
4509	0	8
4510	0	8
4511	0	8
4512	0	8
4512	0	8
4513	0	8
4514	0	8
4515	0	8
4516	0	8
4516	0	8
4517	0	8
4518	0	7
4519	0	7
4520	0	7
4521	0	7
4521	0	8
4523	0	7
4524	0	7
4525	0	7
4526	0	7
4527	0	7
4527	0	7
4528	0	7
4529	0	7
4530	0	6
4531	0	7
4532	0	7
4532	0	7
4533	0	7
4534	0	7
4535	0	6
4536	0	6
4537	0	7
4537	0	7
4538	0	6
4539	0	6
4540	0	6
4541	0	6
4542	0	6
4542	0	6
4543	0	6
4544	0	6
4545	0	6
4546	0	6
4547	0	6
4547	0	6
4548	0	6
4549	0	6
4550	0	6
4551	0	6
4552	0	6
4552	0	6
4553	0	5
4554	0	6
4555	0	5
4556	0	6
4557	0	5
4557	0	5
4558	0	5
4559	0	5
4560	0	5
4561	0	5
4561	0	5
4562	0	5
4563	0	5
4564	0	5
4566	0	5
4567	0	5
4567	0	5
4568	0	5
4569	0	5
4570	0	5
4571	0	5
4572	0	5
4572	0	5
4573	0	4
4574	0	4
4575	0	4
4576	0	5
4577	0	4
4577	0	4
4578	0	4
4579	0	4
4580	0	4
4581	0	4
4582	0	4
4582	0	4
4583	0	4
4584	0	4
4585	0	4
4586	0	4
4587	0	4
4587	0	4
4588	0	4
4589	0	4
4590	0	4
4591	0	4
4592	0	3
4592	0	4
4593	0	4
4594	0	3
4595	0	3
4596	0	4
4597	0	4
4597	0	3
4598	0	3
4599	0	4
4600	0	4
4601	0	3
4601	0	3
4602	0	4
4603	0	4
4604	0	3
4605	0	3
4606	0	3
4606	0	3
4608	0	3
4609	0	3
4610	0	3
4611	0	3
4612	0	3
4612	0	3
4613	0	3
4614	0	3
4615	0	3
4616	0	3
4617	0	3
4617	0	3
4618	0	3
4619	0	3
4620	0	3
4621	0	3
4622	0	3
4622	0	3
4623	0	3
4624	0	3
4625	0	3
4626	0	3
4627	0	3
4627	0	3
4628	0	3
4629	0	2
4630	0	3
4631	0	3
4632	0	2
4632	0	2
4633	0	2
4634	0	3
4635	0	3
4636	0	3
4637	0	2
4637	0	2
4638	0	2
4639	0	2
4640	0	2
4641	0	2
4642	0	2
4642	0	2
4643	0	2
4644	0	2
4645	0	2
4646	0	2
4646	0	2
4647	0	2
4648	0	2
4649	0	2
4651	0	2
4652	0	2
4652	0	2
4653	0	2
4654	0	2
4655	0	2
4656	0	2
4657	0	2
4657	0	2
4658	0	2
4659	0	2
4660	0	2
4661	0	2
4662	0	2
4662	0	2
4663	0	2
4664	0	2
4665	0	2
4666	0	2
4667	0	2
4667	0	2
4668	0	2
4669	0	2
4670	0	2
4671	0	2
4672	0	2
4672	0	2
4673	0	2
4674	0	2
4675	0	2
4676	0	2
4677	0	1
4677	0	1
4678	0	2
4679	0	1
4680	0	2
4681	0	2
4682	0	1
4682	0	1
4683	0	1
4684	0	2
4685	0	1
4686	0	1
4687	0	1
4687	0	1
4688	0	1
4689	0	1
4690	0	1
4691	0	1
4691	0	1
4692	0	1
4694	0	1
4695	0	1
4696	0	1
4697	0	1
4697	0	1
4698	0	1
4699	0	1
4700	0	1
4701	0	1
4702	0	1
4702	0	1
4703	0	1
4704	0	1
4705	0	1
4706	0	1
4707	0	1
4707	0	1
4708	0	1
4709	0	1
4710	0	1
4711	0	1
4712	0	1
4712	0	1
4713	0	1
4714	0	1
4715	0	1
4716	0	1
4717	0	1
4717	0	1
4718	0	1
4719	0	1
4720	0	0
4721	0	1
4722	0	1
4722	0	1
4723	0	1
4724	0	1
4725	0	1
4726	0	1
4727	0	1
4727	0	1
4728	0	1
4729	0	1
4730	0	0
4731	0	1
4732	0	1
4732	0	1
4733	0	0
4734	0	1
4736	0	1
4737	0	1
4737	0	1
4738	0	1
4739	0	1
4740	0	1
4741	0	1
4742	0	1
4742	0	1
4743	0	1
4744	0	0
4745	0	0
4746	0	1
4747	0	1
4747	0	1
4748	0	0
4749	0	0
4750	0	1
4751	0	0
4752	0	0
4752	0	1
4753	0	1
4754	0	0
4755	0	1
4756	0	1
4757	0	1
4757	0	1
4758	0	0
4759	0	0
4760	0	1
4761	0	0
4762	0	0
4762	0	1
4763	0	1
4764	0	0
4765	0	0
4766	0	0
4767	0	0
4767	0	0
4768	0	0
4769	0	0
4770	0	0
4771	0	0
4772	0	0
4772	0	0
4773	0	0
4774	0	0
4775	0	0
4776	0	0
4776	0	0
4777	0	0
4779	0	0
4780	0	0
4781	0	0
4782	0	0
4782	0	0
4783	0	0
4784	0	0
4785	0	0
4786	0	0
4787	0	0
4787	0	0
4788	0	0
4789	0	0
4790	0	0
4791	0	0
4792	0	0
4792	0	0
4793	0	0
4794	0	0
4795	0	0
4796	0	0
4797	0	0
4797	0	0
4798	0	0
4799	0	0
4800	0	0
4801	0	0
4802	0	0
4802	0	0
4803	0	0
4804	0	0
4805	0	0
4806	0	0
4807	0	0
4807	0	0
4808	0	0
4809	0	0
4810	0	0
4811	0	0
4812	0	0
4812	0	0
4813	0	0
4814	0	0
4815	0	0
4816	0	0
4817	0	0
4817	0	0
4818	0	0
4819	0	0
4820	0	0
4822	0	0
4822	0	0
4823	0	0
4824	0	0
4825	0	0
4826	0	0
4827	0	0
4827	0	0
4828	0	0
4829	0	0
4830	0	0
4831	0	0
4832	0	0
4832	0	0
4833	0	0
4834	0	0
4835	0	0
4836	0	0
4837	0	0
4837	0	0
4838	0	0
4839	0	0
4840	0	0
4841	0	0
4842	0	0
4842	0	0
4843	0	0
4844	0	0
4845	0	0
4846	0	0
4847	0	0
4847	0	0
4848	0	0
4849	0	0
4850	0	0
4851	0	0
4852	0	0
4852	0	0
4853	0	0
4854	0	0
4855	0	0
4856	0	0
4857	0	0
4857	0	0
4858	0	0
4859	0	0
4860	0	0
4861	0	0
4862	0	0
4862	0	0
4864	0	0
4865	0	0
4866	0	0
4867	0	0
4867	0	0
4868	0	0
4869	0	0
4870	0	0
4871	0	0
4872	0	0
4872	0	0
4873	0	0
4874	0	0
4875	0	0
4876	0	0
4877	0	0
4877	0	0
4878	0	0
4879	0	0
4880	0	0
4881	0	0
4882	0	0
4882	0	0
4883	0	0
4884	0	0
4885	0	0
4886	0	0
4887	0	0
4887	0	0
4888	0	0
4889	0	0
4890	0	0
4891	0	0
4892	0	0
4892	0	0
4893	0	0
4894	0	0
4895	0	0
4896	0	0
4897	0	0
4897	0	0
4898	0	0
4899	0	0
4900	0	0
4901	0	0
4902	0	0
4902	0	0
4903	0	0
4904	0	0
4905	0	0
4907	0	0
4907	0	0
4908	0	0
4909	0	0
4910	0	0
4911	0	0
4912	0	0
4912	0	0
4913	0	0
4914	0	0
4915	0	0
4916	0	0
4917	0	0
4917	0	0
4918	0	0
4919	0	0
4920	0	0
4921	0	0
4922	0	0
4922	0	0
4923	0	0
4924	0	0
4925	0	0
4926	0	0
4927	0	0
4927	0	0
4928	0	0
4929	0	0
4930	0	0
4931	0	0
4932	0	0
4932	0	0
4933	0	0
4934	0	0
4935	0	0
4936	0	0
4937	0	0
4937	0	0
4938	0	0
4939	0	0
4940	0	0
4941	0	0
4942	0	0
4942	0	0
4943	0	0
4944	0	0
4945	0	0
4946	0	0
4947	0	0
4947	0	0
4948	0	0
4950	0	0
4951	0	0
4952	0	0
4952	0	0
4953	0	0
4954	0	0
4955	0	0
4956	0	0
4957	0	0
4957	0	0
4958	0	0
4959	0	0
4960	0	0
4961	0	0
4962	0	0
4962	0	0
4963	0	0
4964	0	0
4965	0	0
4966	0	0
4967	0	0
4967	0	0
4968	0	0
4969	0	0
4970	0	0
4971	0	0
4972	0	0
4972	0	0
4973	0	0
4974	0	0
4975	0	0
4976	0	0
4977	0	0
4977	0	0
4978	0	0
4979	0	0
4980	0	0
4981	0	0
4982	0	0
4982	0	0
4983	0	0
4984	0	0
4985	0	0
4986	0	0
4987	0	0
4987	0	0
4988	0	0
4989	0	0
4990	0	0
4992	0	0
4993	0	0
4993	0	0
4994	0	0
4995	0	0
4996	0	0
4997	0	0
4997	0	0
4998	0	0
4999	0	0
5000	0	0
5001	0	0
5002	0	0
5002	0	0
5003	0	0
5004	0	0
5005	0	0
5006	0	0
5007	0	0
5007	0	0
5008	0	0
5009	0	0
5010	0	0
5011	0	0
5012	0	0
5012	0	0
5013	0	0
5014	0	0
5015	0	0
5016	0	0
5017	0	0
5017	0	0
5018	0	0
5019	0	0
5020	0	0
5021	0	0
5022	0	0
5022	0	0
5023	0	0
5024	0	0
5025	0	0
5026	0	0
5027	0	0
5027	0	0
5028	0	0
5029	0	0
5030	0	0
5031	0	0
5032	0	0
5032	0	0
5033	0	0
5035	0	0
5036	0	0
5037	0	0
5037	0	0
5038	0	0
5039	0	0
5040	0	0
5041	0	0
5042	0	0
5042	0	0
5043	0	0
5044	0	0
5045	0	0
5046	0	0
5047	0	0
5047	0	0
5048	0	0
5049	0	0
5050	0	0
5051	0	0
5052	0	0
5052	0	0
5053	0	0
5054	0	0
5055	0	0
5056	0	0
5057	0	0
5057	0	0
5058	0	0
5059	0	0
5060	0	0
5061	0	0
5062	0	0
5062	0	0
5063	0	0
5064	0	0
5065	0	0
5066	0	0
5067	0	0
5067	0	0
5068	0	0
5069	0	0
5070	0	0
5071	0	0
5072	0	0
5072	0	0
5073	0	0
5074	0	0
5075	0	0
5076	0	0
5078	0	0
5078	0	0
5079	0	0
5080	0	0
5081	0	0
5082	0	0
5082	0	0
5083	0	0
5084	0	0
5085	0	0
5086	0	0
5087	0	0
5087	0	0
5088	0	0
5089	0	0
5090	0	0
5091	0	0
5092	0	0
5092	0	0
5093	0	0
5094	0	0
5095	0	0
5096	0	0
5097	0	0
5097	0	0
5098	0	0
5099	0	0
5100	0	0
5101	0	0
5102	0	0
5102	0	0
5103	0	0
5104	0	0
5105	0	0
5106	0	0
5107	0	0
5107	0	0
5108	0	0
5109	0	0
5110	0	0
5111	0	0
5112	0	0
5112	0	0
5113	0	0
5114	0	0
5115	0	0
5116	0	0
5117	0	0
5117	0	0
5118	0	0
5120	0	0
5121	0	0
5122	0	0
5123	0	0
5123	0	0
5124	0	0
5125	0	0
5126	0	0
5127	0	0
5127	0	0
5128	0	0
5129	0	0
5130	0	0
5131	0	0
5132	0	0
5132	0	0
5133	0	0
5134	0	0
5135	0	0
5136	0	0
5137	0	0
5137	0	0
5138	0	0
5139	0	0
5140	0	0
5141	0	0
5142	0	0
5142	0	0
5143	0	0
5144	0	0
5145	0	0
5146	0	0
5147	0	0
5147	0	0
5148	0	0
5149	0	0
5150	0	0
5151	0	0
5152	0	0
5152	0	0
5153	0	0
5154	0	0
5155	0	0
5156	0	0
5157	0	0
5157	0	0
5158	0	0
5159	0	0
5160	0	0
5161	0	0
5163	0	0
5163	0	0
5164	0	0
5165	0	0
5166	0	0
5167	0	0
5168	0	0
5168	0	0
5169	0	0
5170	0	0
5171	0	0
5172	0	0
5172	0	0
5173	0	0
5174	0	0
5175	0	0
5176	0	0
5177	0	0
5177	0	0
5178	0	0
5179	0	0
5180	0	0
5181	0	0
5182	0	0
5182	0	0
5183	0	0
5184	0	0
5185	0	0
5186	0	0
5187	0	0
5187	0	0
5188	0	0
5189	0	0
5190	0	0
5191	0	0
5192	0	0
5192	0	0
5193	0	0
5194	0	0
5195	0	0
5196	0	0
5197	0	0
5197	0	0
5198	0	0
5199	0	0
5200	0	0
5201	0	0
5202	0	0
5202	0	0
5203	0	0
5204	0	0
5206	0	0
5207	0	0
5208	0	0
5208	0	0
5209	0	0
5210	0	0
5211	0	0
5212	0	0
5212	0	0
5213	0	0
5214	0	0
5215	0	0
5216	0	0
5217	0	0
5217	0	0
5218	0	0
5219	0	0
5220	0	0
5221	0	0
5222	0	0
5222	0	0
5223	0	0
5224	0	0
5225	0	0
5226	0	0
5227	0	0
5227	0	0
5228	0	0
5229	0	0
5230	0	0
5231	0	0
5232	0	0
5232	0	0
5233	0	0
5234	0	0
5235	0	0
5236	0	0
5237	0	0
5237	0	0
5238	0	0
5239	0	0
5240	0	0
5241	0	0
5242	0	0
5242	0	0
5243	0	0
5244	0	0
5245	0	0
5246	0	0
5248	0	0
5248	0	0
5249	0	0
5250	0	0
5251	0	0
5252	0	0
5253	0	0
5253	0	0
5254	0	0
5255	0	0
5256	0	0
5257	0	0
5257	0	0
5258	0	0
5259	0	0
5260	0	0
5261	0	0
5262	0	0
5262	0	0
5263	0	0
5264	0	0
5265	0	0
5266	0	0
5267	0	0
5267	0	0
5268	0	0
5269	0	0
5270	0	0
5271	0	0
5272	0	0
5272	0	0
5273	0	0
5274	0	0
5275	0	0
5276	0	0
5277	0	0
5277	0	0
5278	0	0
5279	0	0
5280	0	0
5281	0	0
5282	0	0
5282	0	0
5283	0	0
5284	0	0
5285	0	0
5286	0	0
5287	0	0
5287	0	0
5288	0	0
5289	0	0
5291	0	0
5292	0	0
5293	0	0
5293	0	0
5294	0	0
5295	0	0
5296	0	0
5297	0	0
5298	0	0
5298	0	0
5299	0	0
5300	0	0
5301	0	0
5302	0	0
5302	0	0
5303	0	0
5304	0	0
5305	0	0
5306	0	0
5307	0	0
5307	0	0
5308	0	0
5309	0	0
5310	0	0
5311	0	0
5312	0	0
5312	0	0
5313	0	0
5314	0	0
5315	0	0
5316	0	0
5317	0	0
5317	0	0
5318	0	0
5319	0	0
5320	0	0
5321	0	0
5322	0	0
5322	0	0
5323	0	0
5324	0	0
5325	0	0
5326	0	0
5327	0	0
5327	0	0
5328	0	0
5329	0	0
5330	0	0
5331	0	0
5332	0	0
5332	0	0
5334	0	0
5335	0	0
5336	0	0
5337	0	0
5338	0	0
5338	0	0
5339	0	0
5340	0	0
5341	0	0
5342	0	0
5342	0	0
5343	0	0
5344	0	0
5345	0	0
5346	0	0
5347	0	0
5347	0	0
5348	0	0
5349	0	0
5350	0	0
5351	0	0
5352	0	0
5352	0	0
5353	0	0
5354	0	0
5355	0	0
5356	0	0
5357	0	0
5357	0	0
5358	0	0
5359	0	0
5360	0	0
5361	0	0
5362	0	0
5362	0	0
5363	0	0
5364	0	0
5365	0	0
5366	0	0
5367	0	0
5367	0	0
5368	0	0
5369	0	0
5370	0	0
5371	0	0
5372	0	0
5372	0	0
5373	0	0
5374	0	0
5376	0	0
5377	0	0
5378	0	0
5378	0	0
5379	0	0
5380	0	0
5381	0	0
5382	0	0
5383	0	0
5383	0	0
5384	0	0
5385	0	0
5386	0	0
5387	0	0
5387	0	0
5388	0	0
5389	0	0
5390	0	0
5391	0	0
5392	0	0
5392	0	0
5393	0	0
5394	0	0
5395	0	0
5396	0	0
5397	0	0
5397	0	0
5398	0	0
5399	0	0
5400	0	0
5401	0	0
5402	0	0
5402	0	0
5403	0	0
5404	0	0
5405	0	0
5406	0	0
5407	0	0
5407	0	0
5408	0	0
5409	0	0
5410	0	0
5411	0	0
5412	0	0
5412	0	0
5413	0	0
5414	0	0
5415	0	0
5416	0	0
5417	0	0
5417	0	0
5419	0	0
5420	0	0
5421	0	0
5422	0	0
5423	0	0
5423	0	0
5424	0	0
5425	0	0
5426	0	0
5427	0	0
5428	0	0
5428	0	0
5429	0	0
5430	0	0
5431	0	0
5432	0	0
5432	0	0
5433	0	0
5434	0	0
5435	0	0
5436	0	0
5437	0	0
5437	0	0
5438	0	0
5439	0	0
5440	0	0
5441	0	0
5442	0	0
5442	0	0
5443	0	0
5444	0	0
5445	0	0
5446	0	0
5447	0	0
5447	0	0
5448	0	0
5449	0	0
5450	0	0
5451	0	0
5452	0	0
5452	0	0
5453	0	0
5454	0	0
5455	0	0
5456	0	0
5457	0	0
5457	0	0
5458	0	0
5459	0	0
5460	0	0
5462	0	0
5463	0	0
5463	0	0
5464	0	0
5465	0	0
5466	0	0
5467	0	0
5468	0	0
5468	0	0
5469	0	0
5470	0	0
5471	0	0
5472	0	0
5472	0	0
5473	0	0
5474	0	0
5475	0	0
5476	0	0
5477	0	0
5477	0	0
5478	0	0
5479	0	0
5480	0	0
5481	0	0
5482	0	0
5482	0	0
5483	0	0
5484	0	0
5485	0	0
5486	0	0
5487	0	0
5487	0	0
5488	0	0
5489	0	0
5490	0	0
5491	0	0
5492	0	0
5492	0	0
5493	0	0
5494	0	0
5495	0	0
5496	0	0
5497	0	0
5497	0	0
5498	0	0
5499	0	0
5500	0	0
5501	0	0
5502	0	0
5502	0	0
5504	0	0
5505	0	0
5506	0	0
5507	0	0
5508	0	0
5508	0	0
5509	0	0
5510	0	0
5511	0	0
5512	0	0
5513	0	0
5513	0	0
5514	0	0
5515	0	0
5516	0	0
5517	0	0
5517	0	0
5518	0	0
5519	0	0
5520	0	0
5521	0	0
5522	0	0
5522	0	0
5523	0	0
5524	0	0
5525	0	0
5526	0	0
5527	0	0
5527	0	0
5528	0	0
5529	0	0
5530	0	0
5531	0	0
5532	0	0
5532	0	0
5533	0	0
5534	0	0
5535	0	0
5536	0	0
5537	0	0
5537	0	0
5538	0	0
5539	0	0
5540	0	0
5541	0	0
5542	0	0
5542	0	0
5543	0	0
5544	0	0
5545	0	0
5547	0	0
5548	0	0
5548	0	0
5549	0	0
5550	0	0
5551	0	0
5552	0	0
5553	0	0
5553	0	0
5554	0	0
5555	0	0
5556	0	0
5557	0	0
5558	0	0
5558	0	0
5559	0	0
5560	0	0
5561	0	0
5562	0	0
5562	0	0
5563	0	0
5564	0	0
5565	0	0
5566	0	0
5567	0	0
5567	0	0
5568	0	0
5569	0	0
5570	0	0
5571	0	0
5572	0	0
5572	0	0
5573	0	0
5574	0	0
5575	0	0
5576	0	0
5577	0	0
5577	0	0
5578	0	0
5579	0	0
5580	0	0
5581	0	0
5582	0	0
5582	0	0
5583	0	0
5584	0	0
5585	0	0
5586	0	0
5587	0	0
5587	0	0
5588	0	0
5590	0	0
5591	0	0
5592	0	0
5593	0	0
5593	0	0
5594	0	0
5595	0	0
5596	0	0
5597	0	0
5598	0	0
5598	0	0
5599	0	0
5600	0	0
5601	0	0
5602	0	0
5603	0	0
5603	0	0
5604	0	0
5605	0	0
5606	0	0
5607	0	0
5607	0	0
5608	0	0
5609	0	0
5610	0	0
5611	0	0
5612	0	0
5612	0	0
5613	0	0
5614	0	0
5615	0	0
5616	0	0
5617	0	0
5617	0	0
5618	0	0
5619	0	0
5620	0	0
5621	0	0
5622	0	0
5622	0	0
5623	0	0
5624	0	0
5625	0	0
5626	0	0
5627	0	0
5627	0	0
5628	0	0
5629	0	0
5630	0	0
5632	0	0
5633	0	0
5633	0	0
5634	0	0
5635	0	0
5636	0	0
5637	0	0
5638	0	0
5638	0	0
5639	0	0
5640	0	0
5641	0	0
5642	0	0
5643	0	0
5643	0	0
5644	0	0
5645	0	0
5646	0	0
5647	0	0
5647	0	0
5648	0	0
5649	0	0
5650	0	0
5651	0	0
5652	0	0
5652	0	0
5653	0	0
5654	0	0
5655	0	0
5656	0	0
5657	0	0
5657	0	0
5658	0	0
5659	0	0
5660	0	0
5661	0	0
5662	0	0
5662	0	0
5663	0	0
5664	0	0
5665	0	0
5666	0	0
5667	0	0
5667	0	0
5668	0	0
5669	0	0
5670	0	0
5671	0	0
5672	0	0
5672	0	0
5673	0	0
5675	0	0
5676	0	0
5677	0	0
5678	0	0
5678	0	0
5679	0	0
5680	0	0
5681	0	0
5682	0	0
5683	0	0
5683	0	0
5684	0	0
5685	0	0
5686	0	0
5687	0	0
5688	0	0
5688	0	0
5689	0	0
5690	0	0
5691	0	0
5692	0	0
5692	0	0
5693	0	0
5694	0	0
5695	0	0
5696	0	0
5697	0	0
5697	0	0
5698	0	0
5699	0	0
5700	0	0
5701	0	0
5702	0	0
5702	0	0
5703	0	0
5704	0	0
5705	0	0
5706	0	0
5707	0	0
5707	0	0
5708	0	0
5709	0	0
5710	0	0
5711	0	0
5712	0	0
5712	0	0
5713	0	0
5714	0	0
5715	0	0
5716	0	0
5718	0	0
5718	0	0
5719	0	0
5720	0	0
5721	0	0
5722	0	0
5723	0	0
5723	0	0
5724	0	0
5725	0	0
5726	0	0
5727	0	0
5728	0	0
5728	0	0
5729	0	0
5730	0	0
5731	0	0
5732	0	0
5733	0	0
5733	0	0
5734	0	0
5735	0	0
5736	0	0
5737	0	0
5737	0	0
5738	0	0
5739	0	0
5740	0	0
5741	0	0
5742	0	0
5742	0	0
5743	0	0
5744	0	0
5745	0	0
5746	0	0
5747	0	0
5747	0	0
5748	0	0
5749	0	0
5750	0	0
5751	0	0
5752	0	0
5752	0	0
5753	0	0
5754	0	0
5755	0	0
5756	0	0
5757	0	0
5757	0	0
5758	0	0
5760	0	0
5761	0	0
5762	0	0
5763	0	0
5763	0	0
5764	0	0
5765	0	0
5766	0	0
5767	0	0
5768	0	0
5768	0	0
5769	0	0
5770	0	0
5771	0	0
5772	0	0
5773	0	0
5773	0	0
5774	0	0
5775	0	0
5776	0	0
5777	0	0
5777	0	0
5778	0	0
5779	0	0
5780	0	0
5781	0	0
5782	0	0
5782	0	0
5783	0	0
5784	0	0
5785	0	0
5786	0	0
5787	0	0
5787	0	0
5788	0	0
5789	0	0
5790	0	0
5791	0	0
5792	0	0
5792	0	0
5793	0	0
5794	0	0
5795	0	0
5796	0	0
5797	0	0
5797	0	0
5798	0	0
5799	0	0
5800	0	0
5801	0	0
5803	0	0
5803	0	0
5804	0	0
5805	0	0
5806	0	0
5807	0	0
5808	0	0
5808	0	0
5809	0	0
5810	0	0
5811	0	0
5812	0	0
5813	0	0
5813	0	0
5814	0	0
5815	0	0
5816	0	0
5817	0	0
5818	0	0
5818	0	0
5819	0	0
5820	0	0
5821	0	0
5822	0	0
5822	0	0
5823	0	0
5824	0	0
5825	0	0
5826	0	0
5827	0	0
5827	0	0
5828	0	0
5829	0	0
5830	0	0
5831	0	0
5832	0	0
5832	0	0
5833	0	0
5834	0	0
5835	0	0
5836	0	0
5837	0	0
5837	0	0
5838	0	0
5839	0	0
5840	0	0
5841	0	0
5842	0	0
5842	0	0
5843	0	0
5844	0	0
5846	0	0
5847	0	0
5848	0	0
5848	0	0
5849	0	0
5850	0	0
5851	0	0
5852	0	0
5853	0	0
5853	0	0
5854	0	0
5855	0	0
5856	0	0
5857	0	0
5858	0	0
5858	0	0
5859	0	0
5860	0	0
5861	0	0
5862	0	0
5863	0	0
5863	0	0
5864	0	0
5865	0	0
5866	0	0
5867	0	0
5867	0	0
5868	0	0
5869	0	0
5870	0	0
5871	0	0
5872	0	0
5872	0	0
5873	0	0
5874	0	0
5875	0	0
5876	0	0
5877	0	0
5877	0	0
5878	0	0
5879	0	0
5880	0	0
5881	0	0
5882	0	0
5882	0	0
5883	0	0
5884	0	0
5885	0	0
5886	0	0
5888	0	0
5888	0	0
5889	0	0
5890	0	0
5891	0	0
5892	0	0
5893	0	0
5893	0	0
5894	0	0
5895	0	0
5896	0	0
5897	0	0
5898	0	0
5898	0	0
5899	0	0
5900	0	0
5901	0	0
5902	0	0
5903	0	0
5903	0	0
5904	0	0
5905	0	0
5906	0	0
5907	0	0
5907	0	0
5908	0	0
5909	0	0
5910	0	0
5911	0	0
5912	0	0
5912	0	0
5913	0	0
5914	0	0
5915	0	0
5916	0	0
5917	0	0
5917	0	0
5918	0	0
5919	0	0
5920	0	0
5921	0	0
5922	0	0
5922	0	0
5923	0	0
5924	0	0
5925	0	0
5926	0	0
5927	0	0
5927	0	0
5928	0	0
5929	0	0
5931	0	0
5932	0	0
5933	0	0
5933	0	0
5934	0	0
5935	0	0
5936	0	0
5937	0	0
5938	0	0
5938	0	0
5939	0	0
5940	0	0
5941	0	0
5942	0	0
5943	0	0
5943	0	0
5944	0	0
5945	0	0
5946	0	0
5947	0	0
5948	0	0
5948	0	0
5949	0	0
5950	0	0
5951	0	0
5952	0	0
5952	0	0
5953	0	0
5954	0	0
5955	0	0
5956	0	0
5957	0	0
5957	0	0
5958	0	0
5959	0	0
5960	0	0
5961	0	0
5962	0	0
5962	0	0
5963	0	0
5964	0	0
5965	0	0
5966	0	0
5967	0	0
5967	0	0
5968	0	0
5969	0	0
5970	0	0
5971	0	0
5972	0	0
5972	0	0
5974	0	0
5975	0	0
5976	0	0
5977	0	0
5978	0	0
5978	0	0
5979	0	0
5980	0	0
5981	0	0
5982	0	0
5983	0	0
5983	0	0
5984	0	0
5985	0	0
5986	0	0
5987	0	0
5988	0	0
5988	0	0
5989	0	0
5990	0	0
5991	0	0
5992	0	0
5993	0	0
5993	0	0
5994	0	0
5995	0	0
5996	0	0
5997	0	0
5997	0	0
5998	0	1
5999	1	10
6000	1	19
6001	1	28
6002	1	36
6003	1	45
6004	1	53
6005	1	61
6006	1	70
6006	1	78
6007	1	86
6008	1	93
6009	1	101
6010	1	110
6011	1	118
6012	1	127
6013	1	135
6014	1	143
6016	1	151
6017	1	159
6018	1	167
6019	1	175
6020	1	182
6021	1	190
6022	1	197
6023	1	205
6024	1	212
6025	1	220
6026	1	227
6027	1	234
6028	1	241
6029	1	248
6030	1	255
6031	1	262
6032	1	269
6033	1	275
6034	1	282
6035	1	289
6036	1	295
6037	1	302
6038	1	308
6039	1	315
6040	1	321
6041	1	327
6042	1	333
6043	1	339
6044	1	345
6045	1	351
6046	1	357
6047	1	363
6048	1	369
6049	1	375
6050	1	380
6051	1	386
6052	1	392
6053	1	397
6054	1	403
6055	1	408
6056	1	414
6057	1	419
6059	1	424
6060	1	429
6061	1	434
6062	1	440
6063	1	445
6064	1	450
6065	1	455
6066	1	460
6067	1	464
6068	1	469
6069	1	474
6070	1	479
6071	1	483
6072	1	488
6073	1	493
6074	1	497
6075	1	502
6076	1	506
6077	1	511
6078	1	515
6079	1	519
6080	1	523
6081	1	528
6082	1	532
6083	1	536
6084	1	540
6085	1	544
6086	1	548
6087	1	552
6088	1	556
6089	1	560
6090	1	564
6091	1	568
6092	1	572
6093	1	575
6094	1	579
6095	1	583
6096	1	587
6097	1	590
6098	1	594
6099	1	597
6100	1	601
6102	1	604
6103	1	608
6104	1	611
6105	1	614
6106	1	618
6107	1	621
6108	1	624
6109	1	627
6110	1	631
6111	1	634
6112	1	637
6113	1	640
6114	1	643
6115	1	647
6116	1	649
6117	1	653
6118	1	655
6119	1	658
6120	1	661
6121	1	664
6122	1	667
6123	1	670
6124	1	672
6125	1	675
6126	1	678
6127	1	681
6128	1	683
6129	1	686
6130	1	689
6131	1	691
6132	1	694
6133	1	696
6134	1	699
6135	1	701
6136	1	704
6137	1	706
6138	1	709
6139	1	711
6140	1	714
6141	1	716
6142	1	718
6144	1	721
6145	1	723
6146	1	725
6147	1	727
6148	1	730
6149	1	732
6150	1	734
6151	1	736
6152	1	738
6153	1	740
6154	1	743
6155	1	745
6156	1	747
6157	1	749
6158	1	751
6159	1	753
6160	1	755
6161	1	757
6162	1	759
6163	1	760
6164	1	762
6165	1	764
6166	1	766
6167	1	768
6168	1	770
6169	1	771
6170	1	774
6171	1	775
6172	1	777
6173	1	779
6174	1	780
6175	1	782
6176	1	784
6177	1	785
6178	1	787
6179	1	789
6180	1	790
6181	1	792
6182	1	794
6183	1	795
6184	1	797
6185	1	798
6187	1	800
6188	1	801
6189	1	803
6190	1	804
6191	1	806
6191	1	808
6192	1	809
6193	1	810
6194	1	812
6195	1	813
6196	1	815
6197	1	816
6198	1	817
6199	1	819
6200	1	820
6201	1	821
6202	1	823
6203	1	824
6204	1	826
6205	1	827
6206	1	828
6207	1	829
6208	1	830
6209	1	831
6210	1	833
6211	1	834
6212	1	835
6213	1	836
6214	1	837
6215	1	839
6216	1	840
6217	1	841
6218	1	842
6219	1	843
6220	1	844
6221	1	845
6222	1	847
6223	1	848
6224	1	849
6225	1	849
6226	1	851
6227	1	852
6228	1	853
6230	1	854
6231	1	855
6232	1	856
6233	1	857
6234	1	857
6235	1	859
6236	1	860
6237	1	861
6238	1	862
6239	1	862
6240	1	863
6241	1	864
6242	1	865
6243	1	866
6244	1	867
6245	1	868
6246	1	869
6247	1	870
6248	1	871
6249	1	871
6250	1	872
6251	1	873
6252	1	874
6253	1	875
6254	1	875
6255	1	876
6256	1	877
6257	1	878
6258	1	879
6259	1	880
6260	1	880
6261	1	881
6262	1	882
6263	1	883
6264	1	883
6265	1	884
6266	1	884
6267	1	885
6268	1	886
6269	1	886
6270	1	887
6272	1	888
6273	1	889
6274	1	889
6275	1	890
6276	1	891
6277	1	891
6278	1	892
6279	1	893
6280	1	893
6281	1	894
6282	1	895
6283	1	895
6284	1	896
6285	1	896
6286	1	897
6287	1	898
6288	1	898
6289	1	899
6290	1	899
6291	1	900
6292	1	900
6293	1	901
6294	1	901
6295	1	902
6296	1	903
6297	1	903
6298	1	904
6299	1	904
6300	1	904
6301	1	905
6302	1	906
6303	1	906
6304	1	907
6305	1	907
6306	1	908
6307	1	908
6308	1	909
6309	1	909
6310	1	910
6311	1	910
6312	1	911
6313	1	911
6315	1	912
6316	1	912
6317	1	912
6318	1	913
6319	1	913
6320	1	914
6321	1	914
6322	1	914
6323	1	915
6324	1	915
6325	1	916
6326	1	916
6327	1	916
6328	1	917
6329	1	917
6330	1	918
6331	1	918
6332	1	919
6333	1	919
6334	1	919
6335	1	920
6336	1	920
6337	1	920
6338	1	921
6339	1	921
6340	1	922
6341	1	922
6342	1	922
6343	1	923
6344	1	923
6345	1	923
6346	1	924
6347	1	924
6348	1	924
6349	1	925
6350	1	925
6351	1	925
6352	1	926
6353	1	926
6354	1	926
6355	1	927
6356	1	927
6358	1	927
6359	1	928
6360	1	928
6361	1	928
6362	1	928
6363	1	929
6364	1	929
6365	1	929
6366	1	930
6367	1	930
6368	1	930
6369	1	930
6370	1	931
6371	1	931
6372	1	931
6373	1	931
6374	1	932
6375	1	932
6376	1	932
6377	1	933
6378	1	933
6379	1	933
6380	1	933
6381	1	933
6382	1	934
6383	1	934
6384	1	934
6385	1	934
6386	1	934
6387	1	935
6388	1	935
6389	1	935
6390	1	935
6391	1	936
6392	1	936
6393	1	936
6394	1	936
6395	1	937
6396	1	937
6397	1	937
6398	1	937
6400	1	938
6401	1	938
6402	1	938
6403	1	938
6404	1	938
6405	1	939
6406	1	939
6407	1	939
6408	1	939
6409	1	940
6410	1	940
6411	1	940
6412	1	940
6413	1	940
6414	1	940
6415	1	941
6416	1	941
6417	1	941
6418	1	941
6419	1	941
6420	1	941
6421	1	942
6422	1	942
6423	1	942
6424	1	942
6425	1	942
6426	1	943
6427	1	942
6428	1	943
6429	1	943
6430	1	943
6431	1	943
6432	1	943
6433	1	943
6434	1	943
6435	1	944
6436	1	944
6437	1	944
6438	1	944
6439	1	944
6440	1	944
6441	1	945
6443	1	945
6444	1	945
6445	1	945
6446	1	945
6447	1	945
6448	1	945
6449	1	946
6450	1	946
6451	1	946
6452	1	946
6452	1	946
6453	1	946
6454	1	947
6455	1	946
6456	1	947
6457	1	947
6458	1	947
6459	1	947
6460	1	948
6461	1	947
6462	1	947
6463	1	947
6464	1	948
6465	1	948
6466	1	948
6467	1	948
6468	1	948
6469	1	948
6470	1	948
6471	1	948
6472	1	948
6473	1	949
6474	1	949
6475	1	949
6476	1	949
6477	1	949
6478	1	949
6479	1	949
6480	1	950
6481	1	949
6482	1	950
6483	1	950
6484	1	950
6486	1	950
6487	1	950
6488	1	950
6489	1	950
6490	1	950
6491	1	950
6492	1	950
6493	1	950
6494	1	950
6495	1	951
6496	1	951
6497	1	951
6498	1	951
6499	1	951
6500	1	951
6501	1	951
6502	1	951
6503	1	952
6504	1	952
6505	1	952
6506	1	952
6507	1	952
6508	1	952
6509	1	952
6510	1	952
6511	1	952
6512	1	952
6513	1	952
6514	1	952
6515	1	952
6516	1	952
6517	1	952
6518	1	953
6519	1	953
6520	1	953
6521	1	953
6522	1	953
6523	1	953
6524	1	953
6525	1	953
6526	1	953
6528	1	953
6529	1	953
6530	1	953
6531	1	953
6532	1	953
6533	1	953
6534	1	954
6535	1	954
6536	1	954
6537	1	954
6538	1	954
6539	1	954
6540	1	954
6541	1	954
6542	1	954
6543	1	954
6544	1	954
6545	1	954
6546	1	954
6547	1	954
6548	1	954
6549	1	955
6550	1	954
6551	1	954
6552	1	955
6553	1	955
6554	1	955
6555	1	955
6556	1	955
6557	1	955
6558	1	955
6559	1	955
6560	1	955
6561	1	955
6562	1	955
6563	1	955
6564	1	956
6565	1	955
6566	1	955
6567	1	955
6568	1	956
6569	1	955
6571	1	955
6572	1	956
6573	1	956
6574	1	956
6575	1	956
6576	1	956
6577	1	956
6578	1	956
6579	1	956
6580	1	956
6581	1	956
6582	1	956
6583	1	956
6584	1	956
6585	1	956
6586	1	956
6587	1	956
6588	1	956
6589	1	956
6590	1	956
6591	1	956
6592	1	956
6593	1	956
6594	1	956
6595	1	956
6596	1	957
6597	1	956
6598	1	956
6599	1	956
6600	1	957
6601	1	957
6602	1	957
6603	1	957
6604	1	957
6605	1	957
6606	1	957
6607	1	957
6608	1	957
6609	1	957
6610	1	957
6611	1	957
6612	1	957
6614	1	957
6615	1	957
6616	1	957
6617	1	957
6618	1	957
6619	1	957
6620	1	957
6621	1	957
6622	1	957
6623	1	957
6624	1	957
6625	1	957
6626	1	958
6627	1	957
6628	1	958
6629	1	958
6630	1	958
6631	1	957
6632	1	957
6633	1	958
6634	1	958
6635	1	958
6636	1	958
6637	1	958
6638	1	958
6639	1	958
6640	1	958
6641	1	958
6642	1	958
6643	1	958
6644	1	958
6645	1	958
6646	1	958
6647	1	958
6648	1	958
6649	1	958
6650	1	958
6651	1	958
6652	1	958
6653	1	958
6654	1	958
6656	1	958
6657	1	958
6658	1	958
6659	1	958
6660	1	958
6661	1	958
6662	1	958
6663	1	959
6664	1	958
6665	1	958
6666	1	958
6667	1	958
6668	1	958
6669	1	958
6670	1	958
6671	1	959
6672	1	959
6673	1	959
6674	1	958
6675	1	959
6676	1	959
6677	1	959
6678	1	959
6679	1	959
6680	1	959
6681	1	959
6682	1	959
6683	1	959
6684	1	959
6685	1	959
6686	1	959
6687	1	959
6688	1	959
6689	1	959
6690	1	959
6691	1	959
6692	1	959
6693	1	959
6694	1	959
6695	1	959
6696	1	959
6697	1	959
6699	1	959
6700	1	959
6701	1	959
6702	1	959
6703	1	959
6704	1	959
6705	1	959
6706	1	959
6707	1	959
6708	1	959
6709	1	959
6710	1	959
6711	1	959
6712	1	959
6713	1	959
6713	1	959
6714	1	959
6715	1	959
6716	1	959
6717	1	959
6718	1	959
6719	1	959
6720	1	959
6721	1	959
6722	1	959
6723	1	959
6724	1	959
6725	1	959
6726	1	959
6727	1	959
6728	1	959
6729	1	959
6730	1	959
6731	1	959
6732	1	959
6733	1	959
6734	1	959
6735	1	959
6736	1	960
6737	1	959
6738	1	960
6739	1	960
6740	1	959
6742	1	960
6743	1	960
6744	1	960
6745	1	960
6746	1	960
6747	1	960
6748	1	960
6749	1	960
6750	1	960
6751	1	959
6752	1	960
6753	1	960
6754	1	960
6755	1	960
6756	1	960
6757	1	960
6758	1	960
6759	1	960
6760	1	960
6761	1	960
6762	1	960
6763	1	960
6764	1	959
6765	1	959
6766	1	960
6767	1	959
6768	1	960
6769	1	960
6770	1	960
6771	1	959
6772	1	960
6773	1	960
6774	1	960
6775	1	960
6776	1	960
6777	1	960
6778	1	960
6779	1	960
6780	1	960
6781	1	960
6782	1	960
6784	1	959
6785	1	960
6786	1	960
6787	1	960
6788	1	960
6789	1	960
6790	1	960
6791	1	960
6792	1	960
6793	1	960
6794	1	960
6795	1	960
6796	1	960
6797	1	960
6798	1	960
6799	1	960
6800	1	960
6801	1	960
6802	1	960
6803	1	960
6804	1	960
6805	1	960
6806	1	960
6807	1	960
6808	1	960
6809	1	960
6810	1	960
6811	1	960
6812	1	960
6813	1	960
6814	1	960
6815	1	960
6816	1	960
6817	1	960
6818	1	960
6819	1	960
6820	1	960
6821	1	960
6822	1	960
6823	1	960
6824	1	960
6825	1	960
6827	1	960
6828	1	960
6829	1	960
6830	1	960
6831	1	960
6832	1	960
6833	1	960
6834	1	960
6835	1	960
6836	1	960
6837	1	960
6838	1	960
6839	1	960
6840	1	960
6841	1	960
6842	1	960
6843	1	960
6844	1	960
6845	1	960
6846	1	960
6847	1	960
6848	1	960
6849	1	960
6850	1	960
6851	1	960
6852	1	960
6853	1	960
6854	1	960
6855	1	960
6856	1	960
6857	1	960
6858	1	960
6859	1	960
6860	1	961
6861	1	960
6862	1	960
6863	1	960
6864	1	960
6865	1	960
6866	1	960
6867	1	960
6868	1	960
6870	1	960
6871	1	960
6872	1	960
6873	1	960
6874	1	960
6875	1	960
6876	1	960
6877	1	960
6878	1	960
6879	1	960
6880	1	960
6881	1	961
6882	1	960
6883	1	961
6884	1	960
6885	1	960
6886	1	960
6887	1	961
6888	1	960
6889	1	961
6890	1	961
6891	1	961
6892	1	960
6893	1	960
6894	1	960
6895	1	961
6896	1	961
6897	1	960
6898	1	961
6899	1	961
6900	1	960
6901	1	961
6902	1	961
6903	1	960
6904	1	961
6905	1	961
6906	1	960
6907	1	961
6908	1	960
6909	1	961
6910	1	961
6912	1	961
6913	1	961
6914	1	961
6915	1	961
6916	1	961
6917	1	960
6918	1	961
6919	1	961
6920	1	960
6921	1	961
6922	1	961
6923	1	960
6924	1	960
6925	1	960
6926	1	960
6927	1	960
6928	1	960
6929	1	960
6930	1	960
6931	1	960
6932	1	960
6933	1	960
6934	1	960
6935	1	961
6936	1	960
6937	1	961
6938	1	961
6939	1	961
6940	1	961
6941	1	961
6942	1	961
6943	1	961
6944	1	961
6945	1	961
6946	1	961
6947	1	961
6948	1	961
6949	1	961
6950	1	961
6951	1	961
6952	1	960
6953	1	961
6955	1	961
6956	1	961
6957	1	961
6958	1	961
6959	1	961
6960	1	961
6961	1	960
6962	1	961
6963	1	961
6964	1	961
6965	1	960
6966	1	961
6967	1	961
6968	1	961
6969	1	960
6970	1	961
6971	1	961
6972	1	961
6973	1	961
6974	1	961
6974	1	961
6975	1	961
6976	1	960
6977	1	961
6978	1	961
6979	1	961
6980	1	961
6981	1	961
6982	1	960
6983	1	961
6984	1	960
6985	1	961
6986	1	961
6987	1	961
6988	1	960
6989	1	961
6990	1	961
6991	1	961
6992	1	961
6993	1	961
6994	1	961
6995	1	961
6996	1	961
6998	1	961
6999	1	961
7000	1	961
7001	1	961
7002	1	961
7003	1	961
7004	1	961
7005	1	960
7006	1	961
7007	1	961
7008	1	961
7009	1	961
7010	1	961
7011	1	961
7012	1	961
7013	1	961
7014	1	961
7015	1	961
7016	1	961
7017	1	961
7018	1	961
7019	1	961
7020	1	961
7021	1	960
7022	1	961
7023	1	961
7024	1	961
7025	1	961
7026	1	961
7027	1	961
7028	1	961
7029	1	961
7030	1	961
7031	1	961
7032	1	961
7033	1	960
7034	1	961
7035	1	961
7036	1	961
7037	1	961
7038	1	961
7040	1	961
7041	1	961
7042	1	961
7043	1	961
7044	1	961
7045	1	961
7046	1	961
7047	1	961
7048	1	961
7049	1	961
7050	1	961
7051	1	961
7052	1	961
7053	1	961
7054	1	961
7055	1	961
7056	1	961
7057	1	961
7058	1	961
7059	1	961
7060	1	961
7061	1	961
7062	1	961
7063	1	961
7064	1	961
7065	1	961
7066	1	961
7067	1	961
7068	1	961
7069	1	961
7070	1	961
7071	1	961
7072	1	961
7073	1	961
7074	1	961
7075	1	961
7076	1	961
7077	1	961
7078	1	961
7079	1	961
7080	1	961
7081	1	961
7083	1	961
7084	1	961
7085	1	961
7086	1	961
7087	1	961
7088	1	960
7089	1	961
7090	1	961
7091	1	961
7092	1	961
7093	1	961
7094	1	961
7095	1	961
7096	1	961
7097	1	961
7098	1	961
7099	1	961
7100	1	961
7101	1	961
7102	1	961
7103	1	961
7104	1	961
7105	1	961
7106	1	961
7107	1	961
7108	1	961
7109	1	961
7110	1	961
7111	1	961
7112	1	961
7113	1	961
7114	1	961
7115	1	961
7116	1	961
7117	1	961
7118	1	961
7119	1	961
7120	1	961
7121	1	961
7122	1	961
7123	1	961
7124	1	961
7126	1	961
7127	1	961
7128	1	961
7129	1	961
7130	1	961
7131	1	961
7132	1	961
7133	1	961
7134	1	961
7135	1	961
7136	1	961
7137	1	961
7138	1	961
7139	1	961
7140	1	961
7141	1	961
7142	1	961
7143	1	961
7144	1	961
7145	1	961
7146	1	961
7147	1	961
7148	1	961
7149	1	961
7150	1	961
7151	1	961
7152	1	961
7153	1	961
7154	1	961
7155	1	961
7156	1	961
7157	1	961
7158	1	961
7159	1	961
7160	1	961
7161	1	961
7162	1	961
7163	1	961
7164	1	961
7165	1	961
7166	1	961
7168	1	961
7169	1	961
7170	1	961
7171	1	961
7172	1	961
7173	1	961
7174	1	961
7175	1	961
7176	1	961
7177	1	961
7178	1	961
7179	1	961
7180	1	961
7181	1	961
7182	1	961
7183	1	961
7184	1	961
7185	1	961
7186	1	961
7187	1	961
7188	1	961
7189	1	961
7190	1	961
7191	1	961
7192	1	961
7193	1	961
7194	1	961
7195	1	961
7196	1	961
7197	1	961
7198	1	961
7199	1	961
7200	1	961
7201	1	961
7202	1	961
7203	1	961
7204	1	961
7205	1	961
7206	1	961
7207	1	961
7208	1	961
7209	1	961
7211	1	961
7212	1	961
7213	1	961
7214	1	961
7215	1	961
7216	1	961
7217	1	961
7218	1	961
7219	1	961
7220	1	961
7221	1	961
7222	1	961
7223	1	961
7224	1	961
7225	1	961
7226	1	961
7227	1	961
7228	1	961
7229	1	961
7230	1	961
7231	1	961
7232	1	961
7233	1	961
7234	1	961
7235	1	961
7235	1	961
7236	1	961
7237	1	961
7238	1	961
7239	1	961
7240	1	961
7241	1	961
7242	1	961
7243	1	961
7244	1	961
7245	1	961
7246	1	961
7247	1	961
7248	1	961
7249	1	961
7250	1	961
7251	1	961
7252	1	961
7254	1	961
7255	1	961
7256	1	961
7257	1	961
7258	1	961
7259	1	961
7260	1	961
7261	1	961
7262	1	961
7263	1	961
7264	1	961
7265	1	961
7266	1	961
7267	1	961
7268	1	961
7269	1	961
7270	1	961
7271	1	961
7272	1	961
7273	1	961
7274	1	961
7275	1	961
7276	1	961
7277	1	961

7278	1	961
7279	1	961
7280	1	961
7281	1	961
7282	1	961
7283	1	961
7284	1	961
7285	1	961
7286	1	961
7287	1	961
7288	1	961
7289	1	961
7290	1	961
7291	1	961
7292	1	961
7293	1	961
7294	1	961
7296	1	961
7297	1	961
7298	1	961
7299	1	961
7300	1	961
7301	1	961
7302	1	961
7303	1	961
7304	1	961
7305	1	961
7306	1	961
7307	1	961
7308	1	961
7309	1	961
7310	1	961
7311	1	961
7312	1	961
7313	1	961
7314	1	961
7315	1	961
7316	1	961
7317	1	961
7318	1	961
7319	1	961
7320	1	961
7321	1	961
7322	1	961
7323	1	961
7324	1	961
7325	1	961
7326	1	961
7327	1	961
7328	1	961
7329	1	961
7330	1	961
7331	1	961
7332	1	961
7333	1	961
7334	1	961
7335	1	961
7336	1	961
7337	1	961
7339	1	961
7340	1	961
7341	1	961
7342	1	961
7343	1	961
7344	1	961
7345	1	961
7346	1	961
7347	1	961
7348	1	961
7349	1	961
7350	1	961
7351	1	961
7352	1	961
7353	1	961
7354	1	961
7355	1	961
7356	1	962
7357	1	961
7358	1	961
7359	1	961
7360	1	961
7361	1	961
7362	1	961
7363	1	961
7364	1	961
7365	1	961
7366	1	961
7367	1	961
7368	1	961
7369	1	961
7370	1	961
7371	1	961
7372	1	961
7373	1	961
7374	1	961
7375	1	961
7376	1	961
7377	1	961
7378	1	961
7379	1	961
7380	1	961
7382	1	961
7383	1	961
7384	1	961
7385	1	961
7386	1	961
7387	1	961
7388	1	961
7389	1	961
7390	1	961
7391	1	961
7392	1	961
7393	1	961
7394	1	961
7395	1	961
7396	1	961
7397	1	961
7398	1	961
7399	1	961
7400	1	961
7401	1	961
7402	1	961
7403	1	961
7404	1	961
7405	1	961
7406	1	961
7407	1	961
7408	1	961
7409	1	961
7410	1	961
7411	1	961
7412	1	961
7413	1	961
7414	1	961
7415	1	961
7416	1	961
7417	1	961
7418	1	961
7419	1	961
7420	1	961
7421	1	961
7422	1	961
7424	1	961
7425	1	961
7426	1	961
7427	1	961
7428	1	961
7429	1	961
7430	1	961
7431	1	961
7432	1	961
7433	1	961
7434	1	961
7435	1	961
7436	1	961
7437	1	961
7438	1	961
7439	1	961
7440	1	961
7441	1	961
7442	1	961
7443	1	961
7444	1	961
7445	1	961
7446	1	961
7447	1	961
7448	1	961
7449	1	961
7450	1	961
7451	1	961
7452	1	961
7453	1	961
7454	1	961
7455	1	961
7456	1	961
7457	1	961
7458	1	961
7459	1	961
7460	1	961
7461	1	961
7462	1	961
7463	1	961
7464	1	961
7465	1	961
7467	1	961
7468	1	961
7469	1	961
7470	1	961
7471	1	961
7472	1	961
7473	1	961
7474	1	961
7475	1	961
7476	1	961
7477	1	961
7478	1	961
7479	1	961
7480	1	961
7481	1	962
7482	1	961
7483	1	961
7484	1	961
7485	1	961
7486	1	961
7487	1	961
7488	1	961
7489	1	961
7490	1	961
7491	1	961
7492	1	961
7493	1	961
7494	1	961
7495	1	961
7496	1	961
7496	1	961
7497	1	961
7498	1	961
7499	1	961
7500	1	961
7501	1	961
7502	1	961
7503	1	961
7504	1	961
7505	1	961
7506	1	961
7507	1	961
7508	1	961
7510	1	961
7511	1	961
7512	1	961
7513	1	961
7514	1	961
7515	1	961
7516	1	961
7517	1	961
7518	1	961
7519	1	961
7520	1	961
7521	1	961
7522	1	961
7523	1	961
7524	1	961
7525	1	961
7526	1	961
7527	1	961
7528	1	961
7529	1	961
7530	1	961
7531	1	961
7532	1	961
7533	1	961
7534	1	961
7535	1	961
7536	1	961
7537	1	961
7538	1	961
7539	1	961
7540	1	961
7541	1	961
7542	1	961
7543	1	961
7544	1	961
7545	1	961
7546	1	961
7547	1	961
7548	1	961
7549	1	961
7550	1	961
7552	1	962
7553	1	961
7554	1	961
7555	1	961
7556	1	961
7557	1	961
7558	1	961
7559	1	961
7560	1	961
7561	1	961
7562	1	961
7563	1	961
7564	1	962
7565	1	961
7566	1	961
7567	1	961
7568	1	961
7569	1	961
7570	1	961
7571	1	961
7572	1	961
7573	1	961
7574	1	961
7575	1	961
7576	1	961
7577	1	961
7578	1	961
7579	1	961
7580	1	961
7581	1	961
7582	1	961
7583	1	961
7584	1	961
7585	1	961
7586	1	961
7587	1	961
7588	1	961
7589	1	961
7590	1	961
7591	1	961
7592	1	961
7593	1	961
7595	1	961
7596	1	961
7597	1	961
7598	1	962
7599	1	961
7600	1	961
7601	1	961
7602	1	961
7603	1	961
7604	1	961
7605	1	961
7606	1	961
7607	1	961
7608	1	961
7609	1	961
7610	1	961
7611	1	961
7612	1	961
7613	1	961
7614	1	961
7615	1	961
7616	1	961
7617	1	961
7618	1	961
7619	1	961
7620	1	961
7621	1	961
7622	1	961
7623	1	961
7624	1	961
7625	1	961
7626	1	961
7627	1	961
7628	1	961
7629	1	961
7630	1	961
7631	1	961
7632	1	961
7633	1	961
7634	1	961
7635	1	961
7636	1	961
7638	1	961
7639	1	961
7640	1	961
7641	1	961
7642	1	961
7643	1	961
7644	1	961
7645	1	961
7646	1	961
7647	1	961
7648	1	961
7649	1	961
7650	1	961
7651	1	961
7652	1	961
7653	1	961
7654	1	961
7655	1	961
7656	1	962
7657	1	961
7658	1	962
7659	1	961
7660	1	961
7661	1	961
7662	1	962
7663	1	961
7664	1	962
7665	1	962
7666	1	961
7667	1	961
7668	1	961
7669	1	961
7670	1	961
7671	1	961
7672	1	961
7673	1	961
7674	1	961
7675	1	961
7676	1	961
7677	1	962
7678	1	962
7680	1	961
7681	1	961
7682	1	961
7683	1	961
7684	1	961
7685	1	961
7686	1	961
7687	1	961
7688	1	961
7689	1	961
7690	1	961
7691	1	961
7692	1	961
7693	1	961
7694	1	961
7695	1	961
7696	1	961
7697	1	961
7698	1	961
7699	1	961
7700	1	961
7701	1	961
7702	1	961
7703	1	961
7704	1	961
7705	1	961
7706	1	961
7707	1	961
7708	1	961
7709	1	961
7710	1	961
7711	1	961
7712	1	961
7713	1	961
7714	1	961
7715	1	961
7716	1	961
7717	1	961
7718	1	961
7719	1	961
7720	1	961
7721	1	961
7723	1	961
7724	1	961
7725	1	961
7726	1	961
7727	1	961
7728	1	961
7729	1	961
7730	1	961
7731	1	961
7732	1	961
7733	1	961
7734	1	961
7735	1	961
7736	1	961
7737	1	961
7738	1	961
7739	1	961
7740	1	961
7741	1	961
7742	1	961
7743	1	961
7744	1	961
7745	1	961
7746	1	961
7747	1	961
7748	1	961
7749	1	961
7750	1	961
7751	1	961
7752	1	961
7753	1	961
7754	1	961
7755	1	961
7756	1	961
7757	1	961
7757	1	961
7758	1	961
7759	1	961
7760	1	961
7761	1	961
7762	1	961
7763	1	961
7764	1	961
7766	1	961
7767	1	961
7768	1	961
7769	1	961
7770	1	961
7771	1	961
7772	1	961
7773	1	961
7774	1	961
7775	1	961
7776	1	961
7777	1	961
7778	1	961
7779	1	961
7780	1	961
7781	1	961
7782	1	961
7783	1	961
7784	1	961
7785	1	961
7786	1	961
7787	1	961
7788	1	961
7789	1	961
7790	1	961
7791	1	961
7792	1	961
7793	1	961
7794	1	961
7795	1	961
7796	1	961
7797	1	961
7798	1	961
7799	1	961
7800	1	961
7801	1	961
7802	1	961
7803	1	961
7804	1	961
7805	1	961
7806	1	961
7808	1	961
7809	1	961
7810	1	961
7811	1	961
7812	1	961
7813	1	961
7814	1	961
7815	1	961
7816	1	961
7817	1	961
7818	1	961
7819	1	961
7820	1	961
7821	1	961
7822	1	961
7823	1	961
7824	1	961
7825	1	961
7826	1	961
7827	1	961
7828	1	961
7829	1	961
7830	1	961
7831	1	961
7832	1	961
7833	1	961
7834	1	961
7835	1	961
7836	1	961
7837	1	961
7838	1	961
7839	1	961
7840	1	961
7841	1	961
7842	1	961
7843	1	961
7844	1	961
7845	1	961
7846	1	961
7847	1	961
7848	1	961
7849	1	961
7851	1	961
7852	1	961
7853	1	961
7854	1	961
7855	1	961
7856	1	961
7857	1	961
7858	1	961
7859	1	961
7860	1	961
7861	1	961
7862	1	961
7863	1	961
7864	1	961
7865	1	961
7866	1	962
7867	1	961
7868	1	961
7869	1	961
7870	1	961
7871	1	961
7872	1	961
7873	1	961
7874	1	961
7875	1	961
7876	1	961
7877	1	961
7878	1	961
7879	1	961
7880	1	961
7881	1	961
7882	1	962
7883	1	961
7884	1	961
7885	1	961
7886	1	961
7887	1	961
7888	1	961
7889	1	961
7890	1	961
7891	1	961
7892	1	961
7894	1	961
7895	1	962
7896	1	961
7897	1	961
7898	1	962
7899	1	961
7900	1	961
7901	1	961
7902	1	961
7903	1	961
7904	1	961
7905	1	961
7906	1	961
7907	1	961
7908	1	961
7909	1	961
7910	1	961
7911	1	961
7912	1	961
7913	1	961
7914	1	961
7915	1	961
7916	1	961
7917	1	961
7918	1	961
7919	1	961
7920	1	961
7921	1	961
7922	1	961
7923	1	961
7924	1	961
7925	1	961
7926	1	961
7927	1	961
7928	1	961
7929	1	961
7930	1	961
7931	1	961
7932	1	961
7933	1	961
7934	1	961
7936	1	961
7937	1	961
7938	1	962
7939	1	961
7940	1	961
7941	1	962
7942	1	962
7943	1	961
7944	1	962
7945	1	961
7946	1	961
7947	1	962
7948	1	962
7949	1	961
7950	1	962
7951	1	961
7952	1	962
7953	1	961
7954	1	962
7955	1	962
7956	1	962
7957	1	962
7958	1	962
7959	1	961
7960	1	962
7961	1	962
7962	1	962
7963	1	961
7964	1	961
7965	1	961
7966	1	961
7967	1	961
7968	1	961
7969	1	961
7970	1	961
7971	1	961
7972	1	961
7973	1	961
7974	1	961
7975	1	961
7976	1	962
7977	1	961
7979	1	962
7980	1	962
7981	1	962
7982	1	962
7983	1	962
7984	1	962
7985	1	962
7986	1	961
7987	1	962
7988	1	962
7989	1	961
7990	1	961
7991	1	962
7992	1	961
7993	1	962
7994	1	961
7995	1	961
7996	1	962
7997	1	961
7998	1	962
7999	0	954