14	2	127
24	48	134
34	90	142
45	131	150
55	170	158
65	208	166
75	261	173
87	299	181
97	336	188
107	372	195
117	407	201
128	424	207
138	471	213
149	503	219
159	534	224
169	563	229
180	592	234
190	618	238
201	645	241
211	670	245
222	694	247
232	716	250
242	736	251
252	757	252
264	774	253
274	791	254
284	806	253
294	821	252
305	818	251
316	843	250
326	852	247
336	860	245
347	866	241
357	868	238
367	871	234
378	872	229
389	872	224
399	869	219
409	865	213
419	843	207
430	852	201
441	843	195
451	834	188
461	822	181
472	793	173
482	793	166
493	779	158
503	763	150
514	730	142
524	710	134
534	688	126
544	684	119
556	663	111
566	626	103
576	602	95
586	578	87
596	553	80
607	545	72
618	521	65
628	481	58
638	456	52
649	431	46
659	406	40
669	381	34
679	373	29
691	335	24
701	312	19
711	289	15
721	268	12
732	247	8
742	227	6
752	208	3
762	190	2
774	173	1
784	158	0
794	143	0
804	130	0
815	118	1
825	107	2
835	99	3
845	91	6
856	85	8
866	80	12
876	91	15
886	77	19
898	76	24
908	78	29
918	81	34
928	86	40
939	92	46
949	99	52
959	108	58
969	119	65
979	144	72
991	159	80
1001	160	87
1011	175	95
1021	191	103
1032	208	111
1042	243	119
1053	266	127
1063	272	134
1074	292	142
1084	328	150
1095	353	158
1105	377	166
1116	386	173
1126	423	181
1137	449	188
1147	475	195
1158	500	201
1168	510	207
1178	548	213
1189	574	219
1200	598	224
1210	622	229
1220	644	234
1231	667	238
1242	689	241
1252	709	245
1262	730	247
1272	748	250
1284	767	251
1294	784	252
1304	800	253
1314	814	254
1326	827	253
1336	840	252
1346	849	251
1356	845	250
1368	866	247
1378	873	245
1388	877	241
1398	880	238
1409	882	234
1420	881	229
1430	881	224
1440	876	219
1451	871	213
1462	865	207
1472	858	201
1482	849	195
1492	822	188
1503	826	181
1514	813	173
1524	799	166
1534	766	158
1545	764	150
1556	747	142
1566	728	134
1576	691	126
1587	669	119
1598	664	111
1608	628	103
1618	603	95
1629	578	87
1639	569	80
1650	546	72
1660	507	65
1671	481	58
1681	456	52
1691	430	46
1701	422	40
1713	383	34
1723	359	29
1733	335	24
1743	312	19
1754	303	15
1764	268	12
1775	247	8
1785	227	6
1796	208	3
1806	190	2
1816	173	1
1826	158	0
1838	143	0
1848	129	0
1858	117	1
1868	107	2
1879	98	3
1889	91	6
1899	84	8
1909	81	12
1921	78	15
1931	76	19
1941	76	24
1951	77	29
1961	80	34
1972	85	40
1982	105	46
1993	101	52
2003	110	58
2014	120	65
2024	131	72
2034	143	80
2044	173	87
2056	191	95
2066	193	103
2076	210	111
2086	228	119
2097	264	127
2108	287	134
2118	294	142
2128	315	150
2139	352	158
2150	376	166
2160	402	173
2170	411	181
2181	434	188
2192	475	195
2202	500	201
2212	525	207
2223	535	213
2233	573	219
2244	598	224
2254	622	229
2265	645	234
2275	666	238
2286	688	241
2296	710	245
2307	730	247
2317	749	250
2327	767	251
2338	784	252
2349	800	253
2359	814	254
2369	828	253
2380	839	252
2391	850	251
2401	858	250
2411	853	247
2422	873	245
2433	877	241
2443	881	238
2453	881	234
2463	882	229
2475	880	224
2485	878	219
2495	872	213
2505	865	207
2516	858	201
2527	849	195
2537	839	188
2547	810	181
2557	813	173
2569	798	166
2579	783	158
2589	749	150
2599	746	142
2611	727	134
2621	694	126
2631	670	119
2641	647	111
2653	642	103
2663	605	95
2673	580	87
2683	554	80
2694	530	72
2704	521	65
2715	482	58
2725	456	52
2736	431	46
2746	406	40
2756	397	34
2767	359	29
2778	335	24
2788	312	19
2798	289	15
2808	267	12
2819	247	8
2830	227	6
2840	208	3
2850	190	2
2861	173	1
2871	158	0
2881	143	0
2891	130	0
2903	118	1
2913	107	2
2923	98	3
2933	91	6
2944	85	8
2954	80	12
2964	76	15
2974	77	19
2985	76	24
2996	78	29
3006	81	34
3016	85	40
3026	91	46
3037	98	52
3047	123	58
3058	121	65
3068	132	72
3079	145	80
3089	159	87
3099	187	95
3109	206	103
3121	213	111
3131	230	119
3141	250	127
3151	285	134
3163	308	142
3173	331	150
3183	338	158
3193	374	166
3205	400	173
3215	426	181
3225	451	188
3235	460	195
3246	499	201
3257	525	207
3267	550	213
3277	574	219
3288	597	224
3299	621	229
3309	645	234
3319	667	238
3330	675	241
3340	709	245
3351	730	247
3361	749	250
3372	767	251
3382	784	252
3393	799	253
3403	815	254
3414	828	253
3424	839	252
3435	849	251
3445	859	250
3456	867	247
3466	872	245
3476	877	241
3487	880	238
3497	882	234
3508	882	229
3518	879	224
3529	876	219
3539	872	213
3550	867	207
3560	842	201
3570	848	195
3581	838	188
3592	827	181
3602	797	173
3612	797	166
3623	782	158
3634	767	150
3644	732	142
3654	711	134
3665	707	126
3676	686	119
3686	649	111
3696	625	103
3706	618	95
3718	595	87
3728	556	80
3738	530	72
3748	505	65
3759	495	58
3770	472	52
3780	432	46
3790	406	40
3801	382	34
3811	358	29
3821	336	24
3832	312	19
3843	290	15
3853	268	12
3863	247	8
3873	227	6
3884	208	3
3895	190	2
3905	173	1
3915	158	0
3926	143	0
3936	130	0
3946	117	1
3956	108	2
3968	98	3
3978	91	6
3988	85	8
3998	80	12
4008	77	15
4019	76	19
4029	74	24
4039	93	29
4050	81	34
4061	86	40
4071	92	46
4081	100	52
4091	109	58
4102	132	65
4113	147	72
4123	146	80
4133	160	87
4144	175	95
4154	191	103
4164	224	111
4175	246	119
4186	251	127
4196	271	134
4206	306	142
4217	330	150
4228	354	158
4238	362	166
4248	385	173
4258	424	181
4270	451	188
4280	476	195
4290	485	201
4300	524	207
4312	549	213
4322	574	219
4332	598	224
4342	621	229
4354	644	234
4364	668	238
4374	689	241
4384	710	245
4395	730	247
4406	749	250
4416	768	251
4426	784	252
4436	800	253
4448	814	254
4458	828	253
4468	840	252
4478	850	251
4489	859	250
4500	866	247
4510	873	245
4520	877	241
4531	880	238
4542	881	234
4552	883	229
4562	881	224
4573	875	219
4584	872	213
4594	866	207
4604	859	201
4615	833	195
4625	838	188
4636	826	181
4646	814	173
4657	783	166
4667	781	158
4678	766	150
4688	748	142
4699	712	134
4709	690	126
4720	686	119
4730	665	111
4741	627	103
4751	602	95
4761	594	87
4772	571	80
4783	531	72
4793	506	65
4803	480	58
4813	455	52
4824	446	46
4835	407	40
4845	382	34
4855	358	29
4866	334	24
4876	327	19
4887	290	15
4897	268	12
4908	247	8
4918	227	6
4928	208	3
4938	190	2
4948	173	1
4960	158	0
4970	143	0
4980	129	0
4990	118	1
5001	107	2
5011	99	3
5021	91	6
5032	85	8
5043	80	12
5053	78	15
5063	76	19
5073	76	24
5084	77	29
5094	94	34
5104	87	40
5115	93	46
5126	100	52
5136	109	58
5146	119	65
5156	144	72
5167	159	80
5178	161	87
5188	176	95
5198	192	103
5209	209	111
5219	244	119
5230	266	127
5240	272	134
5251	292	142
5261	329	150
5272	353	158
5282	378	166
5293	387	173
5303	409	181
5314	450	188
5324	475	195
5335	501	201
5345	510	207
5355	549	213
5366	574	219
5377	598	224
5387	622	229
5397	644	234
5408	667	238
5419	689	241
5429	710	245
5439	730	247
5449	749	250
5460	767	251
5471	784	252
5481	800	253
5491	814	254
5502	828	253
5513	839	252
5523	850	251
5533	844	250
5544	867	247
5555	872	245
5565	878	241
5575	880	238
5585	882	234
5597	882	229
5607	880	224
5617	878	219
5627	871	213
5639	866	207
5649	858	201
5659	849	195
5669	822	188
5680	826	181
5691	814	173
5701	799	166
5711	767	158
5722	764	150
5733	748	142
5743	728	134
5753	692	126
5764	683	119
5775	664	111
5785	629	103
5795	603	95
5806	579	87
5816	569	80
5827	547	72
5837	507	65
5848	481	58
5858	455	52
5868	431	46
5878	422	40
5890	383	34
5900	359	29
5910	335	24
5920	312	19
5931	304	15
5942	268	12
5952	247	8
5962	227	6
5972	208	3
5983	190	2
5993	173	1
6003	158	0
6014	143	0
6025	130	0
6035	118	1
6045	107	2
6055	98	3
6066	91	6
6076	99	8
6086	81	12
6097	78	15
6108	76	19
6118	76	24
6128	78	29
6138	81	34
6149	84	40
6159	106	46
6170	101	52
6180	110	58
6191	120	65
6201	131	72
6211	143	80
6221	173	87
6233	191	95
6243	193	103
6253	210	111
6263	228	119
6274	264	127
6285	287	134
6295	294	142
6305	315	150
6316	352	158
6327	377	166
6337	402	173
6347	411	181
6358	448	188
6369	475	195
6379	500	201
6389	526	207
6400	534	213
6410	573	219
6421	598	224
6431	622	229
6441	645	234
6452	666	238
6463	689	241
6473	710	245
6483	731	247
6494	735	250
6504	768	251
6515	784	252
6525	799	253
6536	815	254
6546	827	253
6557	840	252
6567	850	251
6578	859	250
6588	866	247
6599	873	245
6609	878	241
6620	880	238
6630	882	234
6640	881	229
6651	881	224
6662	877	219
6672	873	213
6682	864	207
6693	858	201
6704	850	195
6714	838	188
6724	810	181
6734	812	173
6746	799	166
6756	783	158
6766	749	150
6776	745	142
6788	728	134
6798	694	126
6808	670	119
6818	662	111
6830	642	103
6840	605	95
6850	579	87
6860	555	80
6871	544	72
6881	522	65
6892	482	58
6902	456	52
6913	431	46
6923	406	40
6933	397	34
6944	359	29
6955	335	24
6965	312	19
6975	289	15
6985	267	12
6995	247	8
7007	227	6
7017	208	3
7027	190	2
7037	173	1
7048	158	0
7058	143	0
7068	130	0
7079	117	1
7090	107	2
7100	98	3
7110	91	6
7120	85	8
7131	80	12
7141	91	15
7151	77	19
7162	76	24
7173	78	29
7183	81	34
7193	86	40
7203	92	46
7214	112	52
7224	125	58
7235	121	65
7245	132	72
7256	144	80
7266	159	87
7276	189	95
7287	207	103
7298	212	111
7308	230	119
7318	248	127
7328	285	134
7340	308	142
7350	316	150
7360	338	158
7370	375	166
7382	401	173
7392	426	181
7402	436	188
7412	473	195
7424	500	201
7434	525	207
7444	550	213
7454	559	219
7464	597	224
7476	622	229
7486	645	234
7496	668	238
7506	688	241
7518	710	245
7528	730	247
7538	749	250
7548	768	251
7559	784	252
7570	800	253
7580	814	254
7590	828	253
7601	839	252
7612	850	251
7622	859	250
7632	866	247
7643	873	245
7654	877	241
7664	881	238
7674	882	234
7685	882	229
7695	879	224
7706	877	219
7716	873	213
7727	865	207
7737	857	201
7748	848	195
7758	839	188
7769	826	181
7779	797	173
7789	797	166
7800	783	158
7811	752	150
7821	730	142
7831	727	134
7842	707	126
7853	672	119
7863	648	111
7873	640	103
7884	618	95
7895	581	87
7905	555	80
7915	531	72
7925	505	65
7936	496	58
7947	457	52
7957	431	46
7967	407	40
7977	382	34
7988	373	29
7999	335	24
8009	312	19
8019	289	15
8030	268	12
8040	246	8
8050	227	6
8061	208	3
8072	190	2
8082	173	1
8092	158	0
8102	143	0
8113	130	0
8123	118	1
8133	108	2
8144	99	3
8155	91	6
8165	85	8
8175	80	12
8185	77	15
8196	76	19
8206	90	24
8216	79	29
8227	82	34
8238	86	40
8248	92	46
8258	100	52
8268	108	58
8279	133	65
8290	133	72
8300	145	80
8310	159	87
8321	175	95
8331	205	103
8342	225	111
8352	232	119
8363	250	127
8373	270	134
8383	306	142
8394	330	150
8404	340	158
8415	362	166
8425	399	173
8436	425	181
8446	451	188
8457	462	195
8467	484	201
8477	524	207
8488	550	213
8499	574	219
8509	584	224
8519	621	229
8530	645	234
8541	668	238
8551	689	241
8561	709	245
8572	730	247
8583	749	250
8593	767	251
8603	784	252
8613	799	253
8625	815	254
8635	827	253
8645	840	252
8655	850	251
8667	859	250
8677	867	247
8687	873	245
8697	864	241
8708	880	238
8719	882	234
8729	882	229
8739	880	224
8750	877	219
8761	872	213
8771	866	207
8781	858	201
8792	847	195
8803	838	188
8813	827	181
8823	813	173
8834	782	166
8844	782	158
8855	766	150
8865	734	142
8876	711	134
8886	706	126
8897	686	119
8907	651	111
8918	626	103
8928	602	95
8938	595	87
8949	571	80
8960	531	72
8970	506	65
8980	481	58
8990	470	52
9001	433	46
9012	407	40
9022	383	34
9032	358	29
9042	334	24
9053	313	19
9064	290	15
9074	268	12
9084	247	8
9095	227	6
9105	208	3
9115	190	2
9126	173	1
9137	158	0
9147	143	0
9157	130	0
9167	117	1
9178	107	2
9188	99	3
9198	91	6
9209	85	8
9220	80	12
9230	77	15
9240	76	19
9250	76	24
9261	77	29
9271	95	34
9282	86	40
9292	93	46
9303	100	52
9313	109	58
9323	119	65
9333	144	72
9345	159	80
9355	161	87
9365	175	95
9375	192	103
9385	208	111
9396	244	119
9407	266	127
9417	272	134
9427	292	142
9438	329	150
9449	353	158
9459	378	166
9469	386	173
9480	424	181
9491	450	188
9501	476	195
9511	501	201
9522	509	207
9532	549	213
9543	574	219
9553	598	224
9564	622	229
9574	644	234
9585	667	238
9595	689	241
9606	710	245
9616	716	247
9627	749	250
9637	768	251
9648	784	252
9658	800	253
9668	815	254
9679	827	253
9690	840	252
9700	850	251
9710	859	250
9721	866	247
9732	873	245
9742	877	241
9752	867	238
9762	882	234
9774	882	229
9784	881	224
9794	876	219
9804	872	213
9816	865	207
9826	859	201
9836	849	195
9846	822	188
9858	826	181
9868	813	173
9878	799	166
9888	766	158
9899	765	150
9910	747	142
9920	714	134
9930	691	126
9940	685	119
9952	665	111
9962	628	103
9972	603	95
9982	578	87
9993	570	80
10004	533	72
10014	506	65
10024	480	58
10035	469	52
10045	432	46
10056	407	40
10066	382	34
10077	357	29
10087	335	24
10098	311	19
10108	289	15
10119	267	12
10129	247	8
10139	226	6
10150	207	3
10161	189	2
10171	172	1
10181	157	0
10191	142	0
10203	129	0
10213	117	1
10223	107	2
10233	98	3
10244	105	6
10254	84	8
10265	80	12
10275	77	15
10286	75	19
10296	75	24
10306	92	29
10317	81	34
10328	86	40
10338	92	46
10348	99	52
10358	107	58
10369	135	65
10380	132	72
10390	145	80
10400	159	87
10411	189	95
10422	208	103
10432	211	111
10442	229	119