14	0	127
25	59	134
35	90	142
47	136	150
58	193	158
69	233	166
79	272	173
91	296	181
102	335	188
113	386	195
124	421	201
136	454	207
146	487	213
157	518	219
168	550	224
180	580	229
191	609	234
202	636	238
214	661	241
224	686	245
235	710	247
246	732	250
258	753	251
269	772	252
280	789	253
291	805	254
302	821	253
313	834	252
324	845	251
335	855	250
347	864	247
358	870	245
368	875	241
379	864	238
391	881	234
402	880	229
413	878	224
424	876	219
436	870	213
446	862	207
457	840	201
468	846	195
480	835	188
491	823	181
502	809	173
514	793	166
524	775	158
535	743	150
546	725	142
558	707	134
569	701	126
580	679	119
590	655	111
602	616	103
613	593	95
624	569	87
635	546	80
647	536	72
657	509	65
668	469	58
679	444	52
691	420	46
702	395	40
712	384	34
723	345	29
735	322	24
746	299	19
757	277	15
768	255	12
779	234	8
790	214	6
801	195	3
813	177	2
823	161	1
834	146	0
845	131	0
857	118	0
867	121	1
878	97	2
889	88	3
901	81	6
911	76	8
922	72	12
933	70	15
945	69	19
955	68	24
966	72	29
977	76	34
989	82	40
999	87	46
1010	97	52
1021	107	58
1033	119	65
1044	133	72
1054	159	80
1065	159	87
1077	177	95
1088	195	103
1099	215	111
1111	236	119
1122	271	127
1133	291	134
1143	313	142
1155	335	150
1166	345	158
1177	370	166
1188	396	173
1200	436	181
1211	461	188
1222	486	195
1233	511	201
1244	536	207
1255	559	213
1266	570	219
1277	611	224
1289	634	229
1300	657	234
1311	680	238
1323	702	241
1334	722	245
1344	742	247
1355	761	250
1367	779	251
1378	796	252
1389	811	253
1400	826	254
1412	839	253
1423	850	252
1434	860	251
1444	869	250
1456	875	247
1467	881	245
1478	886	241
1489	887	238
1501	888	234
1512	888	229
1523	886	224
1534	881	219
1545	875	213
1556	868	207
1567	843	201
1579	835	195
1590	840	188
1601	827	181
1612	812	173
1624	797	166
1635	780	158
1645	761	150
1656	741	142
1668	705	134
1679	685	126
1690	664	119
1701	642	111
1713	620	103
1724	611	95
1735	586	87
1745	560	80
1757	520	72
1768	495	65
1779	470	58
1790	445	52
1802	420	46
1812	396	40
1823	384	34
1835	345	29
1846	321	24
1857	299	19
1868	276	15
1880	255	12
1890	234	8
1901	213	6
1912	195	3
1924	177	2
1935	160	1
1945	145	0
1956	131	0
1968	118	0
1979	106	1
1990	96	2
2000	88	3
2012	81	6
2023	76	8
2034	72	12
2045	70	15
2056	83	19
2067	69	24
2078	72	29
2089	76	34
2101	82	40
2111	102	46
2122	97	52
2134	107	58
2145	119	65
2156	132	72
2167	161	80
2178	174	87
2189	176	95
2200	195	103
2211	214	111
2223	235	119
2234	257	127
2245	293	134
2256	314	142
2267	336	150
2278	359	158
2289	369	166
2300	395	173
2312	422	181
2323	462	188
2334	486	195
2345	511	201
2357	536	207
2367	561	213
2378	584	219
2390	595	224
2401	635	229
2412	658	234
2423	680	238
2435	702	241
2446	723	245
2457	742	247
2467	761	250
2479	780	251
2490	796	252
2501	811	253
2512	826	254
2524	839	253
2535	850	252
2546	860	251
2557	869	250
2568	875	247
2579	881	245
2590	885	241
2601	888	238
2613	888	234
2624	888	229
2635	886	224
2647	882	219
2658	876	213
2668	868	207
2679	859	201
2691	834	195
2702	823	188
2713	827	181
2724	814	173
2736	797	166
2747	780	158
2758	762	150
2768	742	142
2780	721	134
2791	685	126
2802	663	119
2813	641	111
2825	619	103
2836	596	95
2847	587	87
2857	561	80
2869	535	72
2880	494	65
2891	469	58
2903	444	52
2914	420	46
2925	395	40
2935	371	34
2947	359	29
2958	322	24
2969	299	19
2980	276	15
2992	255	12
3003	234	8
3013	214	6
3024	195	3
3036	177	2
3047	160	1
3058	146	0
3068	131	0
3080	118	0
3091	106	1
3102	96	2
3113	88	3
3124	81	6
3135	76	8
3146	72	12
3158	70	15
3168	69	19
3179	68	24
3190	72	29
3202	76	34
3213	82	40
3223	90	46
3234	110	52
3246	107	58
3257	119	65
3268	132	72
3279	146	80
3291	176	87
3301	191	95
3312	194	103
3323	214	111
3335	234	119
3346	256	127
3357	280	134
3368	315	142
3380	337	150
3390	360	158
3401	384	166
3412	394	173
3424	420	181
3435	447	188
3446	487	195
3458	512	201
3469	536	207
3480	562	213
3490	585	219
3502	609	224
3513	619	229
3524	658	234
3535	680	238
3547	702	241
3558	723	245
3569	742	247
3580	761	250
3591	780	251
3602	796	252
3613	812	253
3624	826	254
3636	839	253
3647	851	252
3658	860	251
3670	868	250
3681	876	247
3691	881	245
3702	885	241
3714	873	238
3725	889	234
3736	888	229
3747	886	224
3759	882	219
3770	876	213
3781	868	207
3792	860	201
3803	850	195
3814	822	188
3825	810	181
3836	797	173
3848	797	166
3859	781	158
3870	763	150
3881	744	142
3893	722	134
3903	701	126
3914	678	119
3926	640	111
3937	618	103
3948	595	95
3959	571	87
3971	547	80
3982	537	72
3992	510	65
4003	469	58
4015	444	52
4026	419	46
4037	395	40
4048	370	34
4059	346	29
4070	336	24
4081	299	19
4092	276	15
4104	255	12
4115	234	8
4126	214	6
4136	195	3
4148	177	2
4159	161	1
4170	145	0
4182	131	0
4192	118	0
4203	106	1
4214	96	2
4226	88	3
4237	81	6
4247	75	8
4258	72	12
4270	69	15
4281	69	19
4291	70	24
4302	70	29
4314	76	34
4325	82	40
4336	89	46
4346	113	52
4358	120	58
4369	118	65
4380	131	72
4391	146	80
4403	162	87
4414	193	95
4424	209	103
4435	227	111
4447	234	119
4458	255	127
4469	278	134
4481	301	142
4492	338	150
4503	361	158
4514	385	166
4525	409	173
4536	433	181
4547	444	188
4558	472	195
4570	512	201
4581	537	207
4592	562	213
4603	586	219
4615	610	224
4625	633	229
4636	657	234
4647	666	238
4659	702	241
4670	723	245
4681	743	247
4692	762	250
4704	779	251
4715	797	252
4725	812	253
4737	825	254
4748	839	253
4759	851	252
4770	860	251
4782	868	250
4793	876	247
4804	882	245
4815	885	241
4826	888	238
4837	888	234
4848	873	229
4859	885	224
4871	882	219
4882	877	213
4893	869	207
4904	860	201
4916	851	195
4926	839	188
4937	825	181
4948	795	173
4960	781	166
4971	764	158
4982	748	150
4994	744	142
5005	724	134
5016	702	126
5026	679	119
5038	656	111
5049	617	103
5060	594	95
5071	570	87
5083	546	80
5094	522	72
5105	511	65
5115	485	58
5127	443	52
5138	418	46
5149	394	40
5160	370	34
5172	346	29
5182	322	24
5193	314	19
5204	276	15
5216	254	12
5227	234	8
5238	214	6
5250	195	3
5260	177	2
5271	161	1
5282	145	0
5294	131	0
5305	118	0
5315	106	1
5326	97	2
5338	88	3
5349	81	6
5359	76	8
5370	72	12
5382	69	15
5393	69	19
5404	70	24
5414	73	29
5426	75	34
5437	81	40
5448	89	46
5459	98	52
5470	122	58
5481	131	65
5492	131	72
5504	145	80
5515	161	87
5526	179	95
5537	210	103
5548	228	111
5559	247	119
5570	254	127
5581	277	134
5593	300	142
5604	324	150
5615	362	158
5626	385	166
5638	410	173
5648	434	181
5659	459	188
5670	470	195
5682	497	201
5693	537	207
5704	562	213
5715	587	219
5727	611	224
5738	634	229
5748	657	234
5760	680	238
5771	687	241
5782	723	245
5793	743	247
5805	762	250
5816	780	251
5827	796	252
5838	812	253
5849	826	254
5860	839	253
5871	850	252
5882	861	251
5894	869	250
5905	876	247
5916	882	245
5927	886	241
5939	887	238
5949	888	234
5960	888	229
5971	870	224
5983	881	219
5994	877	213
6005	870	207
6017	860	201
6028	850	195
6039	839	188
6049	826	181
6061	811	173
6072	780	166
6083	764	158
6094	746	150
6106	728	142
6117	724	134
6128	702	126
6139	680	119
6151	657	111
6161	634	103
6172	593	95
6183	570	87
6195	546	80
6206	521	72
6217	496	65
6228	487	58
6239	459	52
6250	418	46
6261	394	40
6273	370	34
6284	346	29
6295	322	24
6305	300	19
6317	291	15
6328	254	12
6339	234	8
6350	214	6
6362	195	3
6372	177	2
6383	161	1
6394	145	0
6406	131	0
6417	118	0
6428	106	1
6438	97	2
6450	88	3
6461	81	6
6472	76	8
6482	72	12
6494	69	15
6505	69	19
6516	69	24
6528	72	29
6538	91	34
6549	81	40
6560	88	46
6572	98	52
6583	108	58
6593	133	65
6604	144	72
6616	145	80
6627	161	87
6638	178	95
6649	197	103
6661	229	111
6671	248	119
6682	269	127
6693	276	134
6705	299	142
6716	323	150
6727	348	158
6738	386	166
6750	410	173
6761	435	181
6771	460	188
6782	485	195
6794	495	201
6805	522	207
6816	562	213
6828	586	219
6839	611	224
6850	634	229
6861	657	234
6872	679	238
6883	702	241
6894	708	245
6905	743	247
6917	762	250
6928	780	251
6939	796	252
6950	812	253
6962	826	254
6972	839	253
6983	850	252
6994	861	251
7006	869	250
7017	876	247
7028	881	245
7040	886	241
7051	887	238
7062	889	234
7073	888	229
7084	886	224
7095	880	219
7106	861	213
7117	869	207
7129	861	201
7140	850	195
7151	839	188
7162	827	181
7174	812	173
7184	796	166
7195	778	158
7206	745	150
7218	726	142
7229	707	134
7240	687	126
7251	680	119
7263	658	111
7274	635	103
7284	610	95
7296	569	87
7307	545	80
7318	521	72
7329	496	65
7341	471	58
7352	447	52
7362	434	46
7373	394	40
7385	370	34
7396	346	29
7407	322	24
7418	299	19
7429	277	15
7440	269	12
7451	234	8
7462	214	6
7474	195	3
7485	177	2
7495	161	1
7506	146	0
7518	131	0
7529	118	0
7540	106	1
7550	97	2
7562	88	3
7573	81	6
7584	76	8
7595	72	12
7606	83	15
7617	69	19
7628	69	24
7640	72	29
7651	77	34
7661	95	40
7672	88	46
7684	97	52
7695	108	58
7706	120	65
7716	146	72
7728	158	80
7739	160	87
7750	177	95
7761	196	103
7773	216	111
7784	250	119
7795	270	127
7805	291	134
7817	312	142
7828	322	150
7839	346	158
7851	372	166
7862	411	173
7873	435	181
7884	461	188
7896	485	195
7906	510	201
7917	535	207
7928	546	213
7940	586	219
7951	611	224
7962	635	229
7973	657	234
7985	680	238
7996	702	241
8006	723	245
8017	742	247
8029	761	250
8040	780	251
8051	796	252
8062	812	253
8074	826	254
8085	839	253
8096	850	252
8107	860	251
8118	869	250
8129	876	247
8140	881	245
8152	886	241
8163	888	238
8174	888	234
8185	888	229
8197	886	224
8207	882	219
8218	875	213
8229	853	207
8241	846	201
8252	850	195
8263	839	188
8274	827	181
8286	813	173
8297	796	166
8307	779	158
8318	761	150
8330	726	142
8341	706	134
8352	686	126
8364	665	119
8375	643	111
8386	635	103
8397	611	95
8408	585	87
8419	544	80
8430	520	72
8441	495	65
8453	470	58
8464	445	52
8475	421	46
8485	409	40
8497	369	34
8508	346	29
8519	322	24
8530	299	19
8542	277	15
8552	255	12
8563	248	8
8574	214	6
8586	195	3
8597	177	2
8608	161	1
8619	146	0
8630	131	0
8641	118	0
8652	106	1
8664	97	2
8674	88	3
8685	81	6
8696	76	8
8708	72	12
8718	70	15
8729	68	19
8740	69	24
8752	72	29
8763	76	34
8773	83	40
8784	87	46
8796	97	52
8807	108	58
8818	119	65
8829	133	72
8840	159	80
8851	159	87
8862	177	95
8873	195	103
8885	215	111
8896	236	119
8907	271	127
8919	292	134
8929	313	142
8940	335	150
8951	345	158
8963	371	166
8974	397	173
8985	436	181
8996	461	188
9008	486	195
9019	511	201
9029	536	207
9040	560	213
9052	571	219
9063	611	224
9074	635	229
9085	658	234
9097	680	238
9108	702	241
9119	723	245
9129	742	247
9141	761	250
9152	780	251
9163	797	252
9175	811	253
9186	826	254
9197	840	253
9208	851	252
9220	860	251
9230	868	250
9241	876	247
9252	881	245
9264	886	241
9275	888	238
9286	889	234
9297	888	229
9309	885	224
9320	882	219
9330	876	213
9341	868	207
9353	845	201
9364	835	195
9375	839	188
9387	827	181
9398	813	173
9409	797	166
9420	780	158
9432	762	150
9442	742	142
9453	720	134
9464	685	126
9476	664	119
9487	642	111
9498	619	103
9509	596	95
9521	587	87
9531	561	80
9542	534	72
9553	495	65
9565	469	58
9576	444	52
9587	420	46
9598	396	40
9609	385	34
9620	345	29
9631	322	24
9643	299	19
9654	276	15
9665	255	12
9675	234	8
9687	227	6
9698	195	3
9709	177	2
9720	161	1
9732	146	0
9742	131	0
9753	118	0
9764	106	1
9776	97	2
9787	88	3
9797	81	6
9808	76	8
9820	72	12
9831	70	15
9841	69	19
9852	69	24
9864	72	29
9875	76	34
9886	82	40
9896	103	46
9908	96	52
9919	107	58
9930	119	65
9942	132	72
9953	147	80
9963	175	87
9974	190	95
9986	195	103
9997	214	111
10008	235	119
10019	256	127
10031	279	134
10042	317	142
10053	339	150
10064	362	158
10076	386	166
10087	411	173
10097	435	181
10108	460	188
10120	485	195
10131	511	201
10142	521	207
10153	547	213
10165	588	219
10176	612	224
10187	636	229
10199	658	234
10210	681	238
10221	703	241
10232	723	245
10244	743	247
10255	763	250
10266	780	251
10276	797	252
10288	813	253
10299	827	254
10310	839	253
10321	851	252
10333	862	251
10344	870	250
10355	877	247
10366	882	245
10378	887	241
10389	888	238
10400	889	234
10412	888	229
10423	887	224
10434	882	219
10444	876	213
10456	869	207
10467	860	201
10478	849	195
10489	822	188
10501	810	181
10512	796	173
10523	781	166
10534	765	158
10546	748	150
10557	729	142
10568	723	134
10579	702	126
10591	681	119
10602	658	111
10613	634	103
10624	610	95
10635	585	87
10646	543	80
10657	519	72
10669	494	65
10680	469	58
10691	444	52
10702	419	46
10714	395	40
10724	370	34
10735	360	29
10746	320	24
10758	298	19
10769	275	15
10780	254	12
10791	233	8
10803	213	6
10813	194	3
10824	176	2
10835	160	1
10847	145	0
10858	130	0
10869	117	0
10881	106	1
10891	96	2
10902	102	3
10913	80	6
10925	75	8
10936	71	12
10947	69	15
10957	69	19
10969	82	24
10980	71	29
10991	76	34
11002	81	40
11014	89	46
11024	99	52
11035	121	58
11046	117	65
11058	131	72
11069	145	80
11080	161	87
11091	178	95
11103	197	103
11114	231	111
11125	250	119